0 25 3
1 67 0
2 61 4
3 40 5
4 3 -8
4 5 -8
4 13 -8
4 24 -8
4 35 -8
5 54 7
5 61 -3
6 3 -11
6 5 11
6 13 -11
6 24 -11
6 35 -11
7 40 14
8 67 -2
9 57 15
10 3 -19
10 13 -19
10 24 -19
10 35 17
11 40 20
12 55 21
13 55 -5
13 56 22
14 55 -7
14 56 -7
15 67 -9
16 3 -25
16 13 30
16 24 31
17 40 35
18 61 36
19 61 -14
20 48 37
21 61 -4
22 40 38
23 3 41
24 3 -26
24 13 30
24 24 31
25 3 -27
25 13 -27
25 24 -27
26 3 -29
26 13 -29
26 24 -29
27 61 43
28 3 -45
28 13 -45
28 24 -45
29 61 44
30 40 46
31 40 48
32 56 49
32 59 50
33 61 51
34 61 -22
35 56 -7
35 59 -7
36 3 -12
36 13 -12
36 24 -12
36 35 -12
36 40 20
37 41 54
37 42 55
37 43 56
38 55 -6
38 56 -6
39 57 -10
40 57 -42
41 3 81
41 4 82
41 12 83
41 15 84
41 26 85
41 29 86
41 36 87
41 38 88
41 40 89
42 3 -28
42 13 -28
42 24 -28
43 3 -40
43 5 -40
43 13 -40
43 24 -40
43 35 -40
44 3 -40
44 5 -40
44 13 -40
44 24 -40
44 35 -40
45 54 92
45 59 93
46 54 -147
46 59 -147
47 54 94
47 61 -48
48 54 -146
48 61 -146
49 40 95
50 2 102
50 40 103
50 62 104
51 3 -20
51 13 -20
51 24 -20
51 40 35
52 61 -13
53 61 -15
54 61 -16
55 61 -17
56 61 -18
57 61 -102
58 3 -126
58 4 -126
58 10 107
58 12 -126
58 15 -126
58 26 -126
58 29 -126
58 36 -126
58 38 -126
58 40 -126
59 61 108
60 61 -51
61 61 -52
62 60 109
62 62 -150
62 64 -97
63 60 -54
63 62 -54
63 64 -54
64 60 -92
64 62 -92
64 64 -92
65 60 -93
65 62 -93
65 64 -93
66 56 110
66 65 111
67 64 112
68 61 -101
69 61 -103
70 61 -104
71 61 -129
72 61 -130
73 61 -132
74 61 -140
75 54 113
76 60 -148
76 62 -148
76 64 -148
77 62 114
78 61 -151
79 61 -157
80 61 -165
81 3 81
81 4 82
81 12 83
81 15 84
81 26 85
81 29 86
81 36 87
81 38 88
81 40 89
82 19 130
82 40 131
82 41 132
82 42 133
82 43 134
82 44 135
82 45 136
82 54 137
83 40 141
84 19 158
84 20 159
84 40 160
84 41 161
84 42 162
84 43 163
84 44 135
84 45 136
84 54 164
85 54 165
86 3 -126
86 4 -126
86 12 -126
86 15 -126
86 26 -126
86 29 -126
86 36 -126
86 38 -126
86 40 -126
87 19 -126
87 20 -126
87 40 -126
87 41 -126
87 42 -126
87 43 -126
87 44 -126
87 45 -126
87 54 -126
88 54 168
89 54 -146
89 60 -55
89 62 -55
89 64 -55
90 3 -11
90 5 11
90 13 -11
90 24 -11
90 35 -11
91 3 -11
91 5 11
91 13 -11
91 24 -11
91 35 -11
92 35 179
92 40 35
93 40 181
94 35 179
94 40 35
95 56 -6
95 59 -6
96 61 -23
97 61 -80
98 61 -81
99 61 -82
100 61 -83
101 61 -143
102 64 183
103 61 -24
104 40 181
105 61 -21
106 3 81
106 4 82
106 12 83
106 15 84
106 26 85
106 29 86
106 36 87
106 38 88
106 40 89
107 57 -43
108 3 -44
108 4 -44
108 10 -44
108 12 -44
108 15 -44
108 26 -44
108 29 -44
108 36 -44
108 38 -44
108 40 -44
109 19 200
109 40 201
109 41 202
109 42 203
109 43 204
109 44 135
109 45 136
109 54 205
110 19 220
110 40 221
110 41 222
110 42 223
110 43 224
110 44 135
110 45 136
110 54 225
111 60 -94
111 62 -94
111 64 -94
112 19 220
112 40 221
112 41 222
112 42 223
112 43 224
112 44 135
112 45 136
112 54 225
113 19 242
113 40 243
113 41 244
113 42 245
113 43 246
113 44 135
113 45 136
113 54 247
113 55 248
114 60 -149
114 62 -149
114 64 -149
115 3 -126
115 4 -126
115 10 249
115 12 -126
115 15 -126
115 26 -126
115 29 -126
115 36 -126
115 38 -126
115 40 -126
116 6 -99
116 18 -99
116 21 -99
116 44 -99
116 45 -99
116 46 -99
116 47 -99
116 62 -150
116 64 -97
117 6 -54
117 18 -54
117 21 -54
117 44 -54
117 45 -54
117 46 -54
117 47 -54
117 62 -54
117 64 -54
118 21 -161
119 21 -56
120 21 -57
120 44 252
120 45 253
121 6 256
121 18 257
121 21 -61
121 44 -61
121 45 -61
121 46 258
121 47 259
122 6 -63
122 18 -63
122 21 -63
122 44 -63
122 45 -63
122 46 -63
122 47 -63
123 19 130
123 40 131
123 41 132
123 42 133
123 43 134
123 54 137
124 6 -92
124 18 -92
124 21 -92
124 44 -92
124 45 -92
124 46 -92
124 47 -92
124 62 -92
124 64 -92
125 6 -93
125 18 -93
125 21 -93
125 44 -93
125 45 -93
125 46 -93
125 47 -93
125 62 -93
125 64 -93
126 56 110
126 65 261
127 6 -148
127 18 -148
127 21 -148
127 44 -148
127 45 -148
127 46 -148
127 47 -148
127 62 -148
127 64 -148
128 62 262
129 21 263
130 6 -67
130 18 -67
130 21 -67
130 44 -67
130 45 -67
130 46 -67
130 47 -67
131 6 -55
131 18 -55
131 21 -55
131 44 -55
131 45 -55
131 46 -55
131 47 -55
131 62 -55
131 64 -55
132 6 -64
132 18 -64
132 21 -64
132 44 -64
132 45 -64
132 46 -64
132 47 -64
133 6 -65
133 18 -65
133 21 -65
133 44 -65
133 45 -65
133 46 -65
133 47 -65
134 6 -66
134 18 -66
134 21 -66
134 44 -66
134 45 -66
134 46 -66
134 47 -66
135 19 -74
135 40 -74
135 41 -74
135 42 -74
135 43 -74
135 54 -74
136 19 -75
136 40 -75
136 41 -75
136 42 -75
136 43 -75
136 54 -75
137 19 277
137 40 278
137 41 279
137 42 280
137 43 281
137 44 135
137 45 136
137 54 282
138 60 -136
139 60 283
140 60 -135
141 60 -55
142 6 -99
142 16 -99
142 18 -99
142 44 -99
142 45 -99
142 46 -99
142 47 -99
142 48 -99
142 49 -99
142 50 -99
142 51 -99
142 52 -99
142 53 -99
142 62 -150
142 64 -97
143 6 -54
143 16 -54
143 18 -54
143 44 -54
143 45 -54
143 46 -54
143 47 -54
143 48 -54
143 49 -54
143 50 -54
143 51 -54
143 52 -54
143 53 -54
143 62 -54
143 64 -54
144 16 285
144 48 286
144 49 287
144 50 288
144 51 289
144 52 290
144 53 291
145 16 -56
145 48 -56
145 49 -56
145 50 -56
145 51 -56
145 52 -56
145 53 -56
146 16 -57
146 44 252
146 45 253
146 48 -57
146 49 -57
146 50 -57
146 51 -57
146 52 -57
146 53 -57
147 6 256
147 16 -61
147 18 257
147 44 -61
147 45 -61
147 46 258
147 47 259
147 48 -61
147 49 -61
147 50 -61
147 51 -61
147 52 -61
147 53 -61
148 6 -63
148 16 -63
148 18 -63
148 44 -63
148 45 -63
148 46 -63
148 47 -63
148 48 -63
148 49 -63
148 50 -63
148 51 -63
148 52 -63
148 53 -63
149 19 158
149 40 160
149 41 161
149 42 162
149 43 163
149 54 297
150 6 -92
150 16 -92
150 18 -92
150 44 -92
150 45 -92
150 46 -92
150 47 -92
150 48 -92
150 49 -92
150 50 -92
150 51 -92
150 52 -92
150 53 -92
150 62 -92
150 64 -92
151 6 -93
151 16 -93
151 18 -93
151 44 -93
151 45 -93
151 46 -93
151 47 -93
151 48 -93
151 49 -93
151 50 -93
151 51 -93
151 52 -93
151 53 -93
151 62 -93
151 64 -93
152 56 110
152 65 298
153 31 299
154 22 301
154 31 -107
155 1 303
155 22 -112
155 31 -112
156 6 -148
156 16 -148
156 18 -148
156 44 -148
156 45 -148
156 46 -148
156 47 -148
156 48 -148
156 49 -148
156 50 -148
156 51 -148
156 52 -148
156 53 -148
156 62 -148
156 64 -148
157 62 304
158 6 -67
158 16 -67
158 18 -67
158 44 -67
158 45 -67
158 46 -67
158 47 -67
158 48 -67
158 49 -67
158 50 -67
158 51 -67
158 52 -67
158 53 -67
159 19 158
159 40 160
159 41 161
159 42 162
159 43 163
159 44 135
159 45 136
159 54 164
160 6 -55
160 16 -55
160 18 -55
160 44 -55
160 45 -55
160 46 -55
160 47 -55
160 48 -55
160 49 -55
160 50 -55
160 51 -55
160 52 -55
160 53 -55
160 62 -55
160 64 -55
161 6 -64
161 16 -64
161 18 -64
161 44 -64
161 45 -64
161 46 -64
161 47 -64
161 48 -64
161 49 -64
161 50 -64
161 51 -64
161 52 -64
161 53 -64
162 6 -65
162 16 -65
162 18 -65
162 44 -65
162 45 -65
162 46 -65
162 47 -65
162 48 -65
162 49 -65
162 50 -65
162 51 -65
162 52 -65
162 53 -65
163 6 -66
163 16 -66
163 18 -66
163 44 -66
163 45 -66
163 46 -66
163 47 -66
163 48 -66
163 49 -66
163 50 -66
163 51 -66
163 52 -66
163 53 -66
164 19 322
164 20 323
164 40 324
164 41 325
164 42 326
164 43 327
164 44 135
164 45 136
164 54 328
165 40 338
166 3 81
166 4 82
166 12 83
166 15 84
166 26 85
166 29 86
166 36 87
166 38 88
166 40 89
167 19 158
167 20 345
167 40 160
167 41 161
167 42 162
167 43 163
167 44 135
167 45 136
167 54 346
168 19 242
168 40 243
168 41 244
168 42 245
168 43 246
168 44 135
168 45 136
168 54 247
169 61 350
170 3 -19
170 13 -19
170 24 -19
170 35 17
171 3 -30
171 13 -30
171 24 -30
172 61 352
173 3 -46
173 13 -46
173 24 -46
174 56 49
174 59 353
175 55 354
175 61 355
176 55 -34
176 61 -34
177 55 -36
177 61 -36
178 55 -37
178 61 -37
179 40 35
180 61 -31
181 61 -33
182 55 357
182 61 355
183 41 363
183 42 364
183 43 365
184 61 -145
185 61 -144
186 61 366
187 6 -99
187 18 -99
187 44 -99
187 45 -99
187 46 -99
187 47 -99
187 61 -99
187 62 -150
187 64 -97
188 6 -54
188 18 -54
188 44 -54
188 45 -54
188 46 -54
188 47 -54
188 61 -54
188 62 -54
188 64 -54
189 61 -53
190 61 -56
191 44 252
191 45 253
191 61 -57
192 6 256
192 18 257
192 44 -61
192 45 -61
192 46 258
192 47 259
192 61 -61
193 6 -63
193 18 -63
193 44 -63
193 45 -63
193 46 -63
193 47 -63
193 61 -63
194 19 200
194 40 201
194 41 202
194 42 203
194 43 204
194 54 205
195 6 -92
195 18 -92
195 44 -92
195 45 -92
195 46 -92
195 47 -92
195 61 -92
195 62 -92
195 64 -92
196 6 -93
196 18 -93
196 44 -93
196 45 -93
196 46 -93
196 47 -93
196 61 -93
196 62 -93
196 64 -93
197 56 110
197 65 372
198 6 -148
198 18 -148
198 44 -148
198 45 -148
198 46 -148
198 47 -148
198 61 -148
198 62 -148
198 64 -148
199 62 373
200 6 -67
200 18 -67
200 44 -67
200 45 -67
200 46 -67
200 47 -67
200 61 -67
201 6 -55
201 18 -55
201 44 -55
201 45 -55
201 46 -55
201 47 -55
201 61 -55
201 62 -55
201 64 -55
202 6 -64
202 18 -64
202 44 -64
202 45 -64
202 46 -64
202 47 -64
202 61 -64
203 6 -65
203 18 -65
203 44 -65
203 45 -65
203 46 -65
203 47 -65
203 61 -65
204 6 -66
204 18 -66
204 44 -66
204 45 -66
204 46 -66
204 47 -66
204 61 -66
205 19 277
205 40 278
205 41 279
205 42 280
205 43 281
205 44 135
205 45 136
205 54 282
206 6 -99
206 18 -99
206 44 -99
206 45 -99
206 46 -99
206 47 -99
206 56 -99
206 62 -150
206 64 -97
206 65 -99
207 6 -54
207 18 -54
207 44 -54
207 45 -54
207 46 -54
207 47 -54
207 56 -54
207 62 -54
207 64 -54
207 65 -54
208 56 -98
208 65 -98
209 56 -56
209 65 -56
210 44 252
210 45 253
210 56 -57
210 65 -57
211 6 256
211 18 257
211 44 -61
211 45 -61
211 46 258
211 47 259
211 56 -61
211 65 -61
212 6 -63
212 18 -63
212 44 -63
212 45 -63
212 46 -63
212 47 -63
212 56 -63
212 65 -63
213 19 220
213 40 221
213 41 222
213 42 223
213 43 224
213 54 225
214 6 -92
214 18 -92
214 44 -92
214 45 -92
214 46 -92
214 47 -92
214 56 -92
214 62 -92
214 64 -92
214 65 -92
215 6 -93
215 18 -93
215 44 -93
215 45 -93
215 46 -93
215 47 -93
215 56 -93
215 62 -93
215 64 -93
215 65 -93
216 56 110
216 65 380
217 56 -96
217 65 -96
218 6 -148
218 18 -148
218 44 -148
218 45 -148
218 46 -148
218 47 -148
218 56 -148
218 62 -148
218 64 -148
218 65 -148
219 62 381
220 6 -67
220 18 -67
220 44 -67
220 45 -67
220 46 -67
220 47 -67
220 56 -67
220 65 -67
221 6 -55
221 18 -55
221 44 -55
221 45 -55
221 46 -55
221 47 -55
221 56 -55
221 62 -55
221 64 -55
221 65 -55
222 6 -64
222 18 -64
222 44 -64
222 45 -64
222 46 -64
222 47 -64
222 56 -64
222 65 -64
223 6 -65
223 18 -65
223 44 -65
223 45 -65
223 46 -65
223 47 -65
223 56 -65
223 65 -65
224 6 -66
224 18 -66
224 44 -66
224 45 -66
224 46 -66
224 47 -66
224 56 -66
224 65 -66
225 19 277
225 40 278
225 41 279
225 42 280
225 43 281
225 44 135
225 45 136
225 54 282
226 56 -95
226 65 -95
227 6 -99
227 18 -99
227 44 -99
227 45 -99
227 46 -99
227 47 -99
227 55 -99
227 56 -99
227 62 -150
227 64 -97
228 6 -54
228 18 -54
228 44 -54
228 45 -54
228 46 -54
228 47 -54
228 55 -54
228 56 -54
228 62 -54
228 64 -54
229 55 -156
229 56 -156
230 55 -56
230 56 -56
231 44 252
231 45 253
231 55 -57
231 56 -57
232 6 256
232 18 257
232 44 -61
232 45 -61
232 46 258
232 47 259
232 55 -61
232 56 -61
233 6 -63
233 18 -63
233 44 -63
233 45 -63
233 46 -63
233 47 -63
233 55 -63
233 56 -63
234 19 242
234 40 243
234 41 244
234 42 245
234 43 246
234 54 247
235 6 -92
235 18 -92
235 44 -92
235 45 -92
235 46 -92
235 47 -92
235 55 -92
235 56 -92
235 62 -92
235 64 -92
236 6 -93
236 18 -93
236 44 -93
236 45 -93
236 46 -93
236 47 -93
236 55 -93
236 56 -93
236 62 -93
236 64 -93
237 56 110
237 65 388
238 6 -148
238 18 -148
238 44 -148
238 45 -148
238 46 -148
238 47 -148
238 55 -148
238 56 -148
238 62 -148
238 64 -148
239 62 389
240 55 390
240 56 391
241 55 -154
241 56 -154
242 6 -67
242 18 -67
242 44 -67
242 45 -67
242 46 -67
242 47 -67
242 55 -67
242 56 -67
243 6 -55
243 18 -55
243 44 -55
243 45 -55
243 46 -55
243 47 -55
243 55 -55
243 56 -55
243 62 -55
243 64 -55
244 6 -64
244 18 -64
244 44 -64
244 45 -64
244 46 -64
244 47 -64
244 55 -64
244 56 -64
245 6 -65
245 18 -65
245 44 -65
245 45 -65
245 46 -65
245 47 -65
245 55 -65
245 56 -65
246 6 -66
246 18 -66
246 44 -66
246 45 -66
246 46 -66
246 47 -66
246 55 -66
246 56 -66
247 19 277
247 40 278
247 41 279
247 42 280
247 43 281
247 44 135
247 45 136
247 54 282
248 61 -153
249 61 -43
250 21 -59
250 44 252
250 45 253
251 19 130
251 40 131
251 41 132
251 42 133
251 43 134
251 54 137
252 19 -78
252 40 -78
252 41 -78
252 42 -78
252 43 -78
252 54 -78
253 19 -79
253 40 -79
253 41 -79
253 42 -79
253 43 -79
253 54 -79
254 6 256
254 18 257
254 21 -62
254 44 -62
254 45 -62
254 46 258
254 47 259
255 19 130
255 40 131
255 41 132
255 42 133
255 43 134
255 54 137
256 19 -72
256 40 -72
256 41 -72
256 42 -72
256 43 -72
256 54 -72
257 19 -73
257 40 -73
257 41 -73
257 42 -73
257 43 -73
257 54 -73
258 19 -70
258 40 -70
258 41 -70
258 42 -70
258 43 -70
258 54 -70
259 19 -71
259 40 -71
259 41 -71
259 42 -71
259 43 -71
259 54 -71
260 21 -58
260 44 252
260 45 253
261 6 -94
261 18 -94
261 21 -94
261 44 -94
261 45 -94
261 46 -94
261 47 -94
261 62 -94
261 64 -94
262 6 -149
262 18 -149
262 21 -149
262 44 -149
262 45 -149
262 46 -149
262 47 -149
262 62 -149
262 64 -149
263 41 402
263 42 403
263 43 404
264 6 -99
264 18 -99
264 44 -99
264 45 -99
264 46 -99
264 47 -99
264 55 -99
264 62 -150
264 64 -97
265 6 -54
265 18 -54
265 44 -54
265 45 -54
265 46 -54
265 47 -54
265 55 -54
265 62 -54
265 64 -54
266 55 405
267 55 -56
268 44 252
268 45 253
268 55 -57
269 6 256
269 18 257
269 44 -61
269 45 -61
269 46 258
269 47 259
269 55 -61
270 6 -63
270 18 -63
270 44 -63
270 45 -63
270 46 -63
270 47 -63
270 55 -63
271 19 277
271 40 278
271 41 279
271 42 280
271 43 281
271 54 282
272 6 -92
272 18 -92
272 44 -92
272 45 -92
272 46 -92
272 47 -92
272 55 -92
272 62 -92
272 64 -92
273 6 -93
273 18 -93
273 44 -93
273 45 -93
273 46 -93
273 47 -93
273 55 -93
273 62 -93
273 64 -93
274 56 110
274 65 411
275 6 -148
275 18 -148
275 44 -148
275 45 -148
275 46 -148
275 47 -148
275 55 -148
275 62 -148
275 64 -148
276 62 412
277 6 -67
277 18 -67
277 44 -67
277 45 -67
277 46 -67
277 47 -67
277 55 -67
278 6 -55
278 18 -55
278 44 -55
278 45 -55
278 46 -55
278 47 -55
278 55 -55
278 62 -55
278 64 -55
279 6 -64
279 18 -64
279 44 -64
279 45 -64
279 46 -64
279 47 -64
279 55 -64
280 6 -65
280 18 -65
280 44 -65
280 45 -65
280 46 -65
280 47 -65
280 55 -65
281 6 -66
281 18 -66
281 44 -66
281 45 -66
281 46 -66
281 47 -66
281 55 -66
282 19 277
282 40 278
282 41 279
282 42 280
282 43 281
282 44 135
282 45 136
282 54 282
283 19 428
283 40 429
283 41 430
283 42 431
283 43 432
283 44 135
283 45 136
283 54 433
284 19 447
284 40 448
284 41 449
284 42 450
284 43 451
284 44 135
284 45 136
284 54 452
285 19 -121
285 40 -121
285 41 -121
285 42 -121
285 43 -121
285 44 -121
285 45 -121
285 54 -121
286 19 -115
286 40 -115
286 41 -115
286 42 -115
286 43 -115
286 44 -115
286 45 -115
286 54 -115
287 19 -117
287 40 -117
287 41 -117
287 42 -117
287 43 -117
287 44 -117
287 45 -117
287 54 -117
288 19 -118
288 40 -118
288 41 -118
288 42 -118
288 43 -118
288 44 -118
288 45 -118
288 54 -118
289 19 -119
289 40 -119
289 41 -119
289 42 -119
289 43 -119
289 44 -119
289 45 -119
289 54 -119
290 19 -120
290 40 -120
290 41 -120
290 42 -120
290 43 -120
290 44 -120
290 45 -120
290 54 -120
291 19 -116
291 40 -116
291 41 -116
291 42 -116
291 43 -116
291 44 -116
291 45 -116
291 54 -116
292 16 -59
292 44 252
292 45 253
292 48 -59
292 49 -59
292 50 -59
292 51 -59
292 52 -59
292 53 -59
293 19 158
293 40 160
293 41 161
293 42 162
293 43 163
293 54 297
294 6 256
294 16 -62
294 18 257
294 44 -62
294 45 -62
294 46 258
294 47 259
294 48 -62
294 49 -62
294 50 -62
294 51 -62
294 52 -62
294 53 -62
295 19 158
295 40 160
295 41 161
295 42 162
295 43 163
295 54 297
296 16 -58
296 44 252
296 45 253
296 48 -58
296 49 -58
296 50 -58
296 51 -58
296 52 -58
296 53 -58
297 19 277
297 40 278
297 41 279
297 42 280
297 43 281
297 44 135
297 45 136
297 54 282
298 6 -94
298 16 -94
298 18 -94
298 44 -94
298 45 -94
298 46 -94
298 47 -94
298 48 -94
298 49 -94
298 50 -94
298 51 -94
298 52 -94
298 53 -94
298 62 -94
298 64 -94
299 3 -126
299 4 -126
299 12 -126
299 15 -126
299 26 -126
299 29 -126
299 36 -126
299 38 -126
299 40 -126
300 22 460
300 31 -109
301 19 -126
301 40 -126
301 41 -126
301 42 -126
301 43 -126
301 44 -126
301 45 -126
301 54 -126
302 1 462
302 22 -113
302 31 -113
303 19 -126
303 40 -126
303 41 -126
303 42 -126
303 43 -126
303 44 -126
303 45 -126
303 54 -126
304 6 -149
304 16 -149
304 18 -149
304 44 -149
304 45 -149
304 46 -149
304 47 -149
304 48 -149
304 49 -149
304 50 -149
304 51 -149
304 52 -149
304 53 -149
304 62 -149
304 64 -149
305 22 301
305 31 -108
306 6 -99
306 16 -99
306 18 -99
306 44 -99
306 45 -99
306 46 -99
306 47 -99
306 48 -99
306 49 -99
306 50 -99
306 51 -99
306 52 -99
306 53 -99
306 55 -99
306 62 -150
306 64 -97
307 6 -54
307 16 -54
307 18 -54
307 44 -54
307 45 -54
307 46 -54
307 47 -54
307 48 -54
307 49 -54
307 50 -54
307 51 -54
307 52 -54
307 53 -54
307 55 -54
307 62 -54
307 64 -54
308 16 285
308 48 286
308 49 287
308 50 288
308 51 289
308 52 290
308 53 291
308 55 466
309 16 -56
309 48 -56
309 49 -56
309 50 -56
309 51 -56
309 52 -56
309 53 -56
309 55 -56
310 16 -57
310 44 252
310 45 253
310 48 -57
310 49 -57
310 50 -57
310 51 -57
310 52 -57
310 53 -57
310 55 -57
311 6 256
311 16 -61
311 18 257
311 44 -61
311 45 -61
311 46 258
311 47 259
311 48 -61
311 49 -61
311 50 -61
311 51 -61
311 52 -61
311 53 -61
311 55 -61
312 6 -63
312 16 -63
312 18 -63
312 44 -63
312 45 -63
312 46 -63
312 47 -63
312 48 -63
312 49 -63
312 50 -63
312 51 -63
312 52 -63
312 53 -63
312 55 -63
313 19 322
313 40 324
313 41 325
313 42 326
313 43 327
313 54 472
314 6 -92
314 16 -92
314 18 -92
314 44 -92
314 45 -92
314 46 -92
314 47 -92
314 48 -92
314 49 -92
314 50 -92
314 51 -92
314 52 -92
314 53 -92
314 55 -92
314 62 -92
314 64 -92
315 6 -93
315 16 -93
315 18 -93
315 44 -93
315 45 -93
315 46 -93
315 47 -93
315 48 -93
315 49 -93
315 50 -93
315 51 -93
315 52 -93
315 53 -93
315 55 -93
315 62 -93
315 64 -93
316 56 110
316 65 473
317 55 474
318 22 476
318 55 -107
319 1 478
319 22 -112
319 55 -112
320 6 -148
320 16 -148
320 18 -148
320 44 -148
320 45 -148
320 46 -148
320 47 -148
320 48 -148
320 49 -148
320 50 -148
320 51 -148
320 52 -148
320 53 -148
320 55 -148
320 62 -148
320 64 -148
321 62 479
322 6 -67
322 16 -67
322 18 -67
322 44 -67
322 45 -67
322 46 -67
322 47 -67
322 48 -67
322 49 -67
322 50 -67
322 51 -67
322 52 -67
322 53 -67
322 55 -67
323 19 158
323 40 160
323 41 161
323 42 162
323 43 163
323 44 135
323 45 136
323 54 482
324 6 -55
324 16 -55
324 18 -55
324 44 -55
324 45 -55
324 46 -55
324 47 -55
324 48 -55
324 49 -55
324 50 -55
324 51 -55
324 52 -55
324 53 -55
324 55 -55
324 62 -55
324 64 -55
325 6 -64
325 16 -64
325 18 -64
325 44 -64
325 45 -64
325 46 -64
325 47 -64
325 48 -64
325 49 -64
325 50 -64
325 51 -64
325 52 -64
325 53 -64
325 55 -64
326 6 -65
326 16 -65
326 18 -65
326 44 -65
326 45 -65
326 46 -65
326 47 -65
326 48 -65
326 49 -65
326 50 -65
326 51 -65
326 52 -65
326 53 -65
326 55 -65
327 6 -66
327 16 -66
327 18 -66
327 44 -66
327 45 -66
327 46 -66
327 47 -66
327 48 -66
327 49 -66
327 50 -66
327 51 -66
327 52 -66
327 53 -66
327 55 -66
328 19 322
328 20 323
328 40 324
328 41 325
328 42 326
328 43 327
328 44 135
328 45 136
328 54 328
329 55 -169
329 56 -169
329 62 -150
329 64 -97
330 55 -54
330 56 -54
330 62 -54
330 64 -54
331 55 -92
331 56 -92
331 62 -92
331 64 -92
332 55 -93
332 56 -93
332 62 -93
332 64 -93
333 56 110
333 65 485
334 55 -148
334 56 -148
334 62 -148
334 64 -148
335 62 486
336 55 487
337 55 -168
337 56 488
338 55 -55
338 56 -55
338 62 -55
338 64 -55
339 3 -126
339 4 -126
339 12 -126
339 15 -126
339 26 -126
339 29 -126
339 34 490
339 36 -126
339 38 -126
339 40 -126
340 61 491
341 16 285
341 48 286
341 49 287
341 50 288
341 51 289
341 52 290
341 53 291
342 7 493
343 7 -107
343 22 495
344 1 497
344 7 -112
344 22 -112
345 19 158
345 40 160
345 41 161
345 42 162
345 43 163
345 44 135
345 45 136
345 54 346
346 19 322
346 20 323
346 40 324
346 41 325
346 42 326
346 43 327
346 44 135
346 45 136
346 54 328
347 55 -172
347 56 -172
348 55 500
349 55 -171
349 56 501
350 3 -41
350 13 -41
350 24 -41
351 3 -25
351 13 30
351 24 31
352 3 -47
352 13 -47
352 24 -47
353 40 504
354 59 505
355 35 179
355 40 35
356 56 49
356 59 507
357 61 -49
358 58 508
359 56 -85
359 65 -85
360 56 -87
360 65 -87
361 56 -88
361 65 -88
362 56 -89
362 65 -89
363 58 -16
364 58 -17
365 58 -18
366 3 -50
366 4 -50
366 10 -50
366 12 -50
366 15 -50
366 26 -50
366 29 -50
366 36 -50
366 38 -50
366 40 -50
367 44 252
367 45 253
367 61 -59
368 19 200
368 40 201
368 41 202
368 42 203
368 43 204
368 54 205
369 6 256
369 18 257
369 44 -62
369 45 -62
369 46 258
369 47 259
369 61 -62
370 19 200
370 40 201
370 41 202
370 42 203
370 43 204
370 54 205
371 44 252
371 45 253
371 61 -58
372 6 -94
372 18 -94
372 44 -94
372 45 -94
372 46 -94
372 47 -94
372 61 -94
372 62 -94
372 64 -94
373 6 -149
373 18 -149
373 44 -149
373 45 -149
373 46 -149
373 47 -149
373 61 -149
373 62 -149
373 64 -149
374 55 515
375 44 252
375 45 253
375 56 -59
375 65 -59
376 19 220
376 40 221
376 41 222
376 42 223
376 43 224
376 54 225
377 6 256
377 18 257
377 44 -62
377 45 -62
377 46 258
377 47 259
377 56 -62
377 65 -62
378 19 220
378 40 221
378 41 222
378 42 223
378 43 224
378 54 225
379 44 252
379 45 253
379 56 -58
379 65 -58
380 6 -94
380 18 -94
380 44 -94
380 45 -94
380 46 -94
380 47 -94
380 56 -94
380 62 -94
380 64 -94
380 65 -94
381 6 -149
381 18 -149
381 44 -149
381 45 -149
381 46 -149
381 47 -149
381 56 -149
381 62 -149
381 64 -149
381 65 -149
382 55 521
383 44 252
383 45 253
383 55 -59
383 56 -59
384 19 242
384 40 243
384 41 244
384 42 245
384 43 246
384 54 247
385 6 256
385 18 257
385 44 -62
385 45 -62
385 46 258
385 47 259
385 55 -62
385 56 -62
386 19 242
386 40 243
386 41 244
386 42 245
386 43 246
386 54 247
387 44 252
387 45 253
387 55 -58
387 56 -58
388 6 -94
388 18 -94
388 44 -94
388 45 -94
388 46 -94
388 47 -94
388 55 -94
388 56 -94
388 62 -94
388 64 -94
389 6 -149
389 18 -149
389 44 -149
389 45 -149
389 46 -149
389 47 -149
389 55 -149
389 56 -149
389 62 -149
389 64 -149
390 61 -152
391 19 242
391 40 243
391 41 244
391 42 245
391 43 246
391 44 135
391 45 136
391 54 247
392 55 528
393 19 130
393 40 131
393 41 132
393 42 133
393 43 134
393 54 137
394 21 -76
394 44 -76
394 45 -76
395 19 130
395 40 131
395 41 132
395 42 133
395 43 134
395 54 137
396 6 -68
396 18 -68
396 21 -68
396 44 -68
396 45 -68
396 46 -68
396 47 -68
397 21 -60
397 44 252
397 45 253
398 59 -163
399 10 532
399 41 402
399 42 403
399 43 404
400 61 533
401 59 -164
402 59 -16
403 59 -17
404 59 -18
405 6 -100
405 18 -100
405 21 -100
405 44 -100
405 45 -100
405 46 -100
405 47 -100
406 44 252
406 45 253
406 55 -59
407 19 277
407 40 278
407 41 279
407 42 280
407 43 281
407 54 282
408 6 256
408 18 257
408 44 -62
408 45 -62
408 46 258
408 47 259
408 55 -62
409 19 277
409 40 278
409 41 279
409 42 280
409 43 281
409 54 282
410 44 252
410 45 253
410 55 -58
411 6 -94
411 18 -94
411 44 -94
411 45 -94
411 46 -94
411 47 -94
411 55 -94
411 62 -94
411 64 -94
412 6 -149
412 18 -149
412 44 -149
412 45 -149
412 46 -149
412 47 -149
412 55 -149
412 62 -149
412 64 -149
413 55 540
414 6 -99
414 8 -99
414 18 -99
414 32 -99
414 44 -99
414 45 -99
414 46 -99
414 47 -99
414 62 -150
414 64 -97
415 6 -54
415 8 -54
415 18 -54
415 32 -54
415 44 -54
415 45 -54
415 46 -54
415 47 -54
415 62 -54
415 64 -54
416 8 -137
416 32 -137
417 8 -56
417 32 -56
418 8 -57
418 32 -57
418 44 252
418 45 253
419 6 256
419 8 -61
419 18 257
419 32 -61
419 44 -61
419 45 -61
419 46 258
419 47 259
420 6 -63
420 8 -63
420 18 -63
420 32 -63
420 44 -63
420 45 -63
420 46 -63
420 47 -63
421 19 428
421 40 429
421 41 430
421 42 431
421 43 432
421 54 433
422 6 -92
422 8 -92
422 18 -92
422 32 -92
422 44 -92
422 45 -92
422 46 -92
422 47 -92
422 62 -92
422 64 -92
423 6 -93
423 8 -93
423 18 -93
423 32 -93
423 44 -93
423 45 -93
423 46 -93
423 47 -93
423 62 -93
423 64 -93
424 56 110
424 65 546
425 8 547
425 32 548
426 6 -148
426 8 -148
426 18 -148
426 32 -148
426 44 -148
426 45 -148
426 46 -148
426 47 -148
426 62 -148
426 64 -148
427 62 549
428 6 -67
428 8 -67
428 18 -67
428 32 -67
428 44 -67
428 45 -67
428 46 -67
428 47 -67
429 6 -55
429 8 -55
429 18 -55
429 32 -55
429 44 -55
429 45 -55
429 46 -55
429 47 -55
429 62 -55
429 64 -55
430 6 -64
430 8 -64
430 18 -64
430 32 -64
430 44 -64
430 45 -64
430 46 -64
430 47 -64
431 6 -65
431 8 -65
431 18 -65
431 32 -65
431 44 -65
431 45 -65
431 46 -65
431 47 -65
432 6 -66
432 8 -66
432 18 -66
432 32 -66
432 44 -66
432 45 -66
432 46 -66
432 47 -66
433 19 277
433 40 278
433 41 279
433 42 280
433 43 281
433 44 135
433 45 136
433 54 282
434 1 -99
434 6 -99
434 18 -99
434 22 -99
434 31 -99
434 44 -99
434 45 -99
434 46 -99
434 47 -99
434 62 -150
434 64 -97
435 1 -54
435 6 -54
435 18 -54
435 22 -54
435 31 -54
435 44 -54
435 45 -54
435 46 -54
435 47 -54
435 62 -54
435 64 -54
436 1 -114
436 22 -114
436 31 -114
437 1 -56
437 22 -56
437 31 -56
438 1 -57
438 22 -57
438 31 -57
438 44 252
438 45 253
439 1 -61
439 6 256
439 18 257
439 22 -61
439 31 -61
439 44 -61
439 45 -61
439 46 258
439 47 259
440 1 -63
440 6 -63
440 18 -63
440 22 -63
440 31 -63
440 44 -63
440 45 -63
440 46 -63
440 47 -63
441 19 447
441 40 448
441 41 449
441 42 450
441 43 451
441 54 452
442 1 -92
442 6 -92
442 18 -92
442 22 -92
442 31 -92
442 44 -92
442 45 -92
442 46 -92
442 47 -92
442 62 -92
442 64 -92
443 1 -93
443 6 -93
443 18 -93
443 22 -93
443 31 -93
443 44 -93
443 45 -93
443 46 -93
443 47 -93
443 62 -93
443 64 -93
444 56 110
444 65 556
445 1 -148
445 6 -148
445 18 -148
445 22 -148
445 31 -148
445 44 -148
445 45 -148
445 46 -148
445 47 -148
445 62 -148
445 64 -148
446 62 557
447 1 -67
447 6 -67
447 18 -67
447 22 -67
447 31 -67
447 44 -67
447 45 -67
447 46 -67
447 47 -67
448 1 -55
448 6 -55
448 18 -55
448 22 -55
448 31 -55
448 44 -55
448 45 -55
448 46 -55
448 47 -55
448 62 -55
448 64 -55
449 1 -64
449 6 -64
449 18 -64
449 22 -64
449 31 -64
449 44 -64
449 45 -64
449 46 -64
449 47 -64
450 1 -65
450 6 -65
450 18 -65
450 22 -65
450 31 -65
450 44 -65
450 45 -65
450 46 -65
450 47 -65
451 1 -66
451 6 -66
451 18 -66
451 22 -66
451 31 -66
451 44 -66
451 45 -66
451 46 -66
451 47 -66
452 19 277
452 40 278
452 41 279
452 42 280
452 43 281
452 44 135
452 45 136
452 54 282
453 19 158
453 40 160
453 41 161
453 42 162
453 43 163
453 54 297
454 16 -76
454 44 -76
454 45 -76
454 48 -76
454 49 -76
454 50 -76
454 51 -76
454 52 -76
454 53 -76
455 19 158
455 40 160
455 41 161
455 42 162
455 43 163
455 54 297
456 6 -68
456 16 -68
456 18 -68
456 44 -68
456 45 -68
456 46 -68
456 47 -68
456 48 -68
456 49 -68
456 50 -68
456 51 -68
456 52 -68
456 53 -68
457 16 -60
457 44 252
457 45 253
457 48 -60
457 49 -60
457 50 -60
457 51 -60
457 52 -60
457 53 -60
458 55 466
459 3 577
459 4 578
459 12 579
459 15 580
459 26 581
459 29 582
459 36 583
459 38 584
459 40 89
460 19 -126
460 40 -126
460 41 -126
460 42 -126
460 43 -126
460 44 -126
460 45 -126
460 54 -126
461 19 158
461 40 160
461 41 161
461 42 162
461 43 163
461 44 135
461 45 136
461 54 164
462 19 -126
462 40 -126
462 41 -126
462 42 -126
462 43 -126
462 44 -126
462 45 -126
462 54 -126
463 19 158
463 40 160
463 41 161
463 42 162
463 43 163
463 44 135
463 45 136
463 54 164
464 22 460
464 31 -110
465 19 602
465 40 603
465 41 604
465 42 605
465 43 606
465 44 135
465 45 136
465 54 607
466 6 -100
466 16 -100
466 18 -100
466 44 -100
466 45 -100
466 46 -100
466 47 -100
466 48 -100
466 49 -100
466 50 -100
466 51 -100
466 52 -100
466 53 -100
467 16 -59
467 44 252
467 45 253
467 48 -59
467 49 -59
467 50 -59
467 51 -59
467 52 -59
467 53 -59
467 55 -59
468 19 322
468 40 324
468 41 325
468 42 326
468 43 327
468 54 472
469 6 256
469 16 -62
469 18 257
469 44 -62
469 45 -62
469 46 258
469 47 259
469 48 -62
469 49 -62
469 50 -62
469 51 -62
469 52 -62
469 53 -62
469 55 -62
470 19 322
470 40 324
470 41 325
470 42 326
470 43 327
470 54 472
471 16 -58
471 44 252
471 45 253
471 48 -58
471 49 -58
471 50 -58
471 51 -58
471 52 -58
471 53 -58
471 55 -58
472 19 277
472 40 278
472 41 279
472 42 280
472 43 281
472 44 135
472 45 136
472 54 282
473 6 -94
473 16 -94
473 18 -94
473 44 -94
473 45 -94
473 46 -94
473 47 -94
473 48 -94
473 49 -94
473 50 -94
473 51 -94
473 52 -94
473 53 -94
473 55 -94
473 62 -94
473 64 -94
474 1 -111
474 22 -111
474 31 -111
475 22 614
475 55 -109
476 19 -126
476 40 -126
476 41 -126
476 42 -126
476 43 -126
476 44 -126
476 45 -126
476 54 -126
477 1 616
477 22 -113
477 55 -113
478 19 -126
478 40 -126
478 41 -126
478 42 -126
478 43 -126
478 44 -126
478 45 -126
478 54 -126
479 6 -149
479 16 -149
479 18 -149
479 44 -149
479 45 -149
479 46 -149
479 47 -149
479 48 -149
479 49 -149
479 50 -149
479 51 -149
479 52 -149
479 53 -149
479 55 -149
479 62 -149
479 64 -149
480 16 285
480 48 286
480 49 287
480 50 288
480 51 289
480 52 290
480 53 291
481 22 476
481 55 -108
482 19 322
482 20 323
482 40 324
482 41 325
482 42 326
482 43 327
482 44 135
482 45 136
482 54 328
483 16 285
483 48 286
483 49 287
483 50 288
483 51 289
483 52 290
483 53 291
483 55 619
484 55 620
485 55 -94
485 56 -94
485 62 -94
485 64 -94
486 55 -149
486 56 -149
486 62 -149
486 64 -149
487 61 -166
488 40 338
489 3 81
489 4 82
489 12 83
489 15 84
489 26 85
489 29 86
489 36 87
489 38 88
489 40 89
490 19 -142
490 20 -142
490 40 -142
490 41 -142
490 42 -142
490 43 -142
490 44 -142
490 45 -142
490 54 -142
491 3 -44
491 4 -44
491 12 -44
491 15 -44
491 26 -44
491 29 -44
491 34 -44
491 36 -44
491 38 -44
491 40 -44
492 19 637
492 40 638
492 41 639
492 42 640
492 43 641
492 44 135
492 45 136
492 54 642
493 3 -126
493 4 -126
493 12 -126
493 15 -126
493 26 -126
493 29 -126
493 36 -126
493 38 -126
493 40 -126
494 7 -109
494 22 644
495 19 -126
495 40 -126
495 41 -126
495 42 -126
495 43 -126
495 44 -126
495 45 -126
495 54 -126
496 1 646
496 7 -113
496 22 -113
497 19 -126
497 40 -126
497 41 -126
497 42 -126
497 43 -126
497 44 -126
497 45 -126
497 54 -126
498 7 -108
498 22 495
499 55 649
500 61 -167
501 19 242
501 40 243
501 41 244
501 42 245
501 43 246
501 44 135
501 45 136
501 54 247
502 3 81
503 55 -38
503 61 -38
504 55 -33
504 61 -33
505 40 181
506 55 -35
506 61 -35
507 40 504
508 41 656
508 42 657
508 43 658
509 56 659
509 65 660
510 19 200
510 40 201
510 41 202
510 42 203
510 43 204
510 54 205
511 44 -76
511 45 -76
511 61 -76
512 19 200
512 40 201
512 41 202
512 42 203
512 43 204
512 54 205
513 6 -68
513 18 -68
513 44 -68
513 45 -68
513 46 -68
513 47 -68
513 61 -68
514 44 252
514 45 253
514 61 -60
515 6 -100
515 18 -100
515 44 -100
515 45 -100
515 46 -100
515 47 -100
515 61 -100
516 19 220
516 40 221
516 41 222
516 42 223
516 43 224
516 54 225
517 44 -76
517 45 -76
517 56 -76
517 65 -76
518 19 220
518 40 221
518 41 222
518 42 223
518 43 224
518 54 225
519 6 -68
519 18 -68
519 44 -68
519 45 -68
519 46 -68
519 47 -68
519 56 -68
519 65 -68
520 44 252
520 45 253
520 56 -60
520 65 -60
521 6 -100
521 18 -100
521 44 -100
521 45 -100
521 46 -100
521 47 -100
521 56 -100
521 65 -100
522 19 242
522 40 243
522 41 244
522 42 245
522 43 246
522 54 247
523 44 -76
523 45 -76
523 55 -76
523 56 -76
524 19 242
524 40 243
524 41 244
524 42 245
524 43 246
524 54 247
525 6 -68
525 18 -68
525 44 -68
525 45 -68
525 46 -68
525 47 -68
525 55 -68
525 56 -68
526 44 252
526 45 253
526 55 -60
526 56 -60
527 55 -155
527 56 -155
528 6 -100
528 18 -100
528 44 -100
528 45 -100
528 46 -100
528 47 -100
528 55 -100
528 56 -100
529 21 -77
529 44 -77
529 45 -77
530 6 -69
530 18 -69
530 21 -69
530 44 -69
530 45 -69
530 46 -69
530 47 -69
531 61 667
532 61 -158
533 10 -159
533 41 -159
533 42 -159
533 43 -159
534 59 668
535 19 277
535 40 278
535 41 279
535 42 280
535 43 281
535 54 282
536 44 -76
536 45 -76
536 55 -76
537 19 277
537 40 278
537 41 279
537 42 280
537 43 281
537 54 282
538 6 -68
538 18 -68
538 44 -68
538 45 -68
538 46 -68
538 47 -68
538 55 -68
539 44 252
539 45 253
539 55 -60
540 6 -100
540 18 -100
540 44 -100
540 45 -100
540 46 -100
540 47 -100
540 55 -100
541 8 -59
541 32 -59
541 44 252
541 45 253
542 19 428
542 40 429
542 41 430
542 42 431
542 43 432
542 54 433
543 6 256
543 8 -62
543 18 257
543 32 -62
543 44 -62
543 45 -62
543 46 258
543 47 259
544 19 428
544 40 429
544 41 430
544 42 431
544 43 432
544 54 433
545 8 -58
545 32 -58
545 44 252
545 45 253
546 6 -94
546 8 -94
546 18 -94
546 32 -94
546 44 -94
546 45 -94
546 46 -94
546 47 -94
546 62 -94
546 64 -94
547 19 690
547 40 691
547 41 692
547 42 693
547 43 694
547 44 135
547 45 136
547 54 695
548 19 690
548 40 691
548 41 692
548 42 693
548 43 694
548 44 135
548 45 136
548 54 695
549 6 -149
549 8 -149
549 18 -149
549 32 -149
549 44 -149
549 45 -149
549 46 -149
549 47 -149
549 62 -149
549 64 -149
550 55 697
551 1 -59
551 22 -59
551 31 -59
551 44 252
551 45 253
552 19 447
552 40 448
552 41 449
552 42 450
552 43 451
552 54 452
553 1 -62
553 6 256
553 18 257
553 22 -62
553 31 -62
553 44 -62
553 45 -62
553 46 258
553 47 259
554 19 447
554 40 448
554 41 449
554 42 450
554 43 451
554 54 452
555 1 -58
555 22 -58
555 31 -58
555 44 252
555 45 253
556 1 -94
556 6 -94
556 18 -94
556 22 -94
556 31 -94
556 44 -94
556 45 -94
556 46 -94
556 47 -94
556 62 -94
556 64 -94
557 1 -149
557 6 -149
557 18 -149
557 22 -149
557 31 -149
557 44 -149
557 45 -149
557 46 -149
557 47 -149
557 62 -149
557 64 -149
558 55 703
559 16 -77
559 44 -77
559 45 -77
559 48 -77
559 49 -77
559 50 -77
559 51 -77
559 52 -77
559 53 -77
560 6 -69
560 16 -69
560 18 -69
560 44 -69
560 45 -69
560 46 -69
560 47 -69
560 48 -69
560 49 -69
560 50 -69
560 51 -69
560 52 -69
560 53 -69
561 9 -102
561 61 -102
562 9 -127
562 61 -105
563 9 -51
563 61 -51
564 9 -52
564 61 -52
565 60 705
565 62 -150
565 64 -97
566 9 -101
566 61 -101
567 9 -103
567 61 -103
568 9 -104
568 61 -104
569 9 -129
569 61 -129
570 9 -130
570 61 -130
571 9 -132
571 61 -132
572 9 -140
572 61 -140
573 54 706
574 9 -151
574 61 -151
575 9 -157
575 61 -157
576 9 -165
576 61 -165
577 3 81
577 4 82
577 12 83
577 15 84
577 26 85
577 29 86
577 36 87
577 38 88
577 40 89
578 19 130
578 40 131
578 41 132
578 42 133
578 43 134
578 44 135
578 45 136
578 54 137
579 40 141
580 19 158
580 20 159
580 40 160
580 41 161
580 42 162
580 43 163
580 44 135
580 45 136
580 54 164
581 54 711
582 3 -126
582 4 -126
582 12 -126
582 15 -126
582 26 -126
582 29 -126
582 36 -126
582 38 -126
582 40 -126
583 19 -126
583 20 -126
583 40 -126
583 41 -126
583 42 -126
583 43 -126
583 44 -126
583 45 -126
583 54 -126
584 54 714
585 19 158
585 40 160
585 41 161
585 42 162
585 43 163
585 44 135
585 45 136
585 54 164
586 22 -124
586 31 -124
587 19 158
587 40 160
587 41 161
587 42 162
587 43 163
587 44 135
587 45 136
587 54 164
588 1 -122
588 22 -122
588 31 -122
589 1 -99
589 6 -99
589 18 -99
589 22 -99
589 44 -99
589 45 -99
589 46 -99
589 47 -99
589 55 -99
589 62 -150
589 64 -97
590 1 -54
590 6 -54
590 18 -54
590 22 -54
590 44 -54
590 45 -54
590 46 -54
590 47 -54
590 55 -54
590 62 -54
590 64 -54
591 1 -114
591 22 -114
591 55 -114
592 1 -56
592 22 -56
592 55 -56
593 1 -57
593 22 -57
593 44 252
593 45 253
593 55 -57
594 1 -61
594 6 256
594 18 257
594 22 -61
594 44 -61
594 45 -61
594 46 258
594 47 259
594 55 -61
595 1 -63
595 6 -63
595 18 -63
595 22 -63
595 44 -63
595 45 -63
595 46 -63
595 47 -63
595 55 -63
596 19 602
596 40 603
596 41 604
596 42 605
596 43 606
596 54 607
597 1 -92
597 6 -92
597 18 -92
597 22 -92
597 44 -92
597 45 -92
597 46 -92
597 47 -92
597 55 -92
597 62 -92
597 64 -92
598 1 -93
598 6 -93
598 18 -93
598 22 -93
598 44 -93
598 45 -93
598 46 -93
598 47 -93
598 55 -93
598 62 -93
598 64 -93
599 56 110
599 65 722
600 1 -148
600 6 -148
600 18 -148
600 22 -148
600 44 -148
600 45 -148
600 46 -148
600 47 -148
600 55 -148
600 62 -148
600 64 -148
601 62 723
602 1 -67
602 6 -67
602 18 -67
602 22 -67
602 44 -67
602 45 -67
602 46 -67
602 47 -67
602 55 -67
603 1 -55
603 6 -55
603 18 -55
603 22 -55
603 44 -55
603 45 -55
603 46 -55
603 47 -55
603 55 -55
603 62 -55
603 64 -55
604 1 -64
604 6 -64
604 18 -64
604 22 -64
604 44 -64
604 45 -64
604 46 -64
604 47 -64
604 55 -64
605 1 -65
605 6 -65
605 18 -65
605 22 -65
605 44 -65
605 45 -65
605 46 -65
605 47 -65
605 55 -65
606 1 -66
606 6 -66
606 18 -66
606 22 -66
606 44 -66
606 45 -66
606 46 -66
606 47 -66
606 55 -66
607 19 277
607 40 278
607 41 279
607 42 280
607 43 281
607 44 135
607 45 136
607 54 282
608 19 322
608 40 324
608 41 325
608 42 326
608 43 327
608 54 472
609 16 -76
609 44 -76
609 45 -76
609 48 -76
609 49 -76
609 50 -76
609 51 -76
609 52 -76
609 53 -76
609 55 -76
610 19 322
610 40 324
610 41 325
610 42 326
610 43 327
610 54 472
611 6 -68
611 16 -68
611 18 -68
611 44 -68
611 45 -68
611 46 -68
611 47 -68
611 48 -68
611 49 -68
611 50 -68
611 51 -68
611 52 -68
611 53 -68
611 55 -68
612 16 -60
612 44 252
612 45 253
612 48 -60
612 49 -60
612 50 -60
612 51 -60
612 52 -60
612 53 -60
612 55 -60
613 55 619
614 19 -126
614 40 -126
614 41 -126
614 42 -126
614 43 -126
614 44 -126
614 45 -126
614 54 -126
615 19 158
615 40 160
615 41 161
615 42 162
615 43 163
615 44 135
615 45 136
615 54 482
616 19 -126
616 40 -126
616 41 -126
616 42 -126
616 43 -126
616 44 -126
616 45 -126
616 54 -126
617 19 158
617 40 160
617 41 161
617 42 162
617 43 163
617 44 135
617 45 136
617 54 482
618 22 614
618 55 -110
619 6 -100
619 16 -100
619 18 -100
619 44 -100
619 45 -100
619 46 -100
619 47 -100
619 48 -100
619 49 -100
619 50 -100
619 51 -100
619 52 -100
619 53 -100
619 55 -100
620 1 -111
620 22 -111
620 55 -111
621 55 -170
621 56 -170
621 62 -150
621 64 -97
622 61 731
623 19 158
623 20 736
623 40 160
623 41 161
623 42 162
623 43 163
623 44 135
623 45 136
623 54 737
624 1 -99
624 6 -99
624 7 -99
624 18 -99
624 22 -99
624 44 -99
624 45 -99
624 46 -99
624 47 -99
624 62 -150
624 64 -97
625 1 -54
625 6 -54
625 7 -54
625 18 -54
625 22 -54
625 44 -54
625 45 -54
625 46 -54
625 47 -54
625 62 -54
625 64 -54
626 1 -114
626 7 -114
626 22 -114
627 1 -56
627 7 -56
627 22 -56
628 1 -57
628 7 -57
628 22 -57
628 44 252
628 45 253
629 1 -61
629 6 256
629 7 -61
629 18 257
629 22 -61
629 44 -61
629 45 -61
629 46 258
629 47 259
630 1 -63
630 6 -63
630 7 -63
630 18 -63
630 22 -63
630 44 -63
630 45 -63
630 46 -63
630 47 -63
631 19 637
631 40 638
631 41 639
631 42 640
631 43 641
631 54 642
632 1 -92
632 6 -92
632 7 -92
632 18 -92
632 22 -92
632 44 -92
632 45 -92
632 46 -92
632 47 -92
632 62 -92
632 64 -92
633 1 -93
633 6 -93
633 7 -93
633 18 -93
633 22 -93
633 44 -93
633 45 -93
633 46 -93
633 47 -93
633 62 -93
633 64 -93
634 56 110
634 65 743
635 1 -148
635 6 -148
635 7 -148
635 18 -148
635 22 -148
635 44 -148
635 45 -148
635 46 -148
635 47 -148
635 62 -148
635 64 -148
636 62 744
637 1 -67
637 6 -67
637 7 -67
637 18 -67
637 22 -67
637 44 -67
637 45 -67
637 46 -67
637 47 -67
638 1 -55
638 6 -55
638 7 -55
638 18 -55
638 22 -55
638 44 -55
638 45 -55
638 46 -55
638 47 -55
638 62 -55
638 64 -55
639 1 -64
639 6 -64
639 7 -64
639 18 -64
639 22 -64
639 44 -64
639 45 -64
639 46 -64
639 47 -64
640 1 -65
640 6 -65
640 7 -65
640 18 -65
640 22 -65
640 44 -65
640 45 -65
640 46 -65
640 47 -65
641 1 -66
641 6 -66
641 7 -66
641 18 -66
641 22 -66
641 44 -66
641 45 -66
641 46 -66
641 47 -66
642 19 277
642 40 278
642 41 279
642 42 280
642 43 281
642 44 135
642 45 136
642 54 282
643 3 81
643 4 82
643 12 83
643 15 84
643 26 85
643 29 86
643 36 87
643 38 88
643 40 89
644 19 -126
644 40 -126
644 41 -126
644 42 -126
644 43 -126
644 44 -126
644 45 -126
644 54 -126
645 19 158
645 40 160
645 41 161
645 42 162
645 43 163
645 44 135
645 45 136
645 54 346
646 19 -126
646 40 -126
646 41 -126
646 42 -126
646 43 -126
646 44 -126
646 45 -126
646 54 -126
647 19 158
647 40 160
647 41 161
647 42 162
647 43 163
647 44 135
647 45 136
647 54 346
648 7 -110
648 22 644
649 1 -111
649 7 -111
649 22 -111
650 55 -173
650 56 -173
651 61 -10
652 61 -42
653 61 -32
654 55 -39
654 61 -39
655 56 -90
655 65 -90
656 56 -16
656 65 -16
657 56 -17
657 65 -17
658 56 -18
658 65 -18
659 41 363
659 42 364
659 43 365
660 21 752
661 44 -77
661 45 -77
661 61 -77
662 6 -69
662 18 -69
662 44 -69
662 45 -69
662 46 -69
662 47 -69
662 61 -69
663 44 -77
663 45 -77
663 56 -77
663 65 -77
664 6 -69
664 18 -69
664 44 -69
664 45 -69
664 46 -69
664 47 -69
664 56 -69
664 65 -69
665 44 -77
665 45 -77
665 55 -77
665 56 -77
666 6 -69
666 18 -69
666 44 -69
666 45 -69
666 46 -69
666 47 -69
666 55 -69
666 56 -69
667 10 -160
667 41 -160
667 42 -160
667 43 -160
668 3 81
668 4 82
668 12 83
668 15 84
668 26 85
668 29 86
668 36 87
668 38 88
668 40 89
669 44 -77
669 45 -77
669 55 -77
670 6 -69
670 18 -69
670 44 -69
670 45 -69
670 46 -69
670 47 -69
670 55 -69
671 19 428
671 40 429
671 41 430
671 42 431
671 43 432
671 54 433
672 8 -76
672 32 -76
672 44 -76
672 45 -76
673 19 428
673 40 429
673 41 430
673 42 431
673 43 432
673 54 433
674 6 -68
674 8 -68
674 18 -68
674 32 -68
674 44 -68
674 45 -68
674 46 -68
674 47 -68
675 8 -60
675 32 -60
675 44 252
675 45 253
676 6 -99
676 7 -99
676 18 -99
676 44 -99
676 45 -99
676 46 -99
676 47 -99
676 62 -150
676 64 -97
677 6 -54
677 7 -54
677 18 -54
677 44 -54
677 45 -54
677 46 -54
677 47 -54
677 62 -54
677 64 -54
678 7 -138
679 7 -56
680 7 -57
680 44 252
680 45 253
681 6 256
681 7 -61
681 18 257
681 44 -61
681 45 -61
681 46 258
681 47 259
682 6 -63
682 7 -63
682 18 -63
682 44 -63
682 45 -63
682 46 -63
682 47 -63
683 19 690
683 40 691
683 41 692
683 42 693
683 43 694
683 54 695
684 6 -92
684 7 -92
684 18 -92
684 44 -92
684 45 -92
684 46 -92
684 47 -92
684 62 -92
684 64 -92
685 6 -93
685 7 -93
685 18 -93
685 44 -93
685 45 -93
685 46 -93
685 47 -93
685 62 -93
685 64 -93
686 56 110
686 65 761
687 7 762
688 6 -148
688 7 -148
688 18 -148
688 44 -148
688 45 -148
688 46 -148
688 47 -148
688 62 -148
688 64 -148
689 62 763
690 6 -67
690 7 -67
690 18 -67
690 44 -67
690 45 -67
690 46 -67
690 47 -67
691 6 -55
691 7 -55
691 18 -55
691 44 -55
691 45 -55
691 46 -55
691 47 -55
691 62 -55
691 64 -55
692 6 -64
692 7 -64
692 18 -64
692 44 -64
692 45 -64
692 46 -64
692 47 -64
693 6 -65
693 7 -65
693 18 -65
693 44 -65
693 45 -65
693 46 -65
693 47 -65
694 6 -66
694 7 -66
694 18 -66
694 44 -66
694 45 -66
694 46 -66
694 47 -66
695 19 277
695 40 278
695 41 279
695 42 280
695 43 281
695 44 135
695 45 136
695 54 282
696 7 765
697 6 -100
697 8 -100
697 18 -100
697 32 -100
697 44 -100
697 45 -100
697 46 -100
697 47 -100
698 19 447
698 40 448
698 41 449
698 42 450
698 43 451
698 54 452
699 1 -76
699 22 -76
699 31 -76
699 44 -76
699 45 -76
700 19 447
700 40 448
700 41 449
700 42 450
700 43 451
700 54 452
701 1 -68
701 6 -68
701 18 -68
701 22 -68
701 31 -68
701 44 -68
701 45 -68
701 46 -68
701 47 -68
702 1 -60
702 22 -60
702 31 -60
702 44 252
702 45 253
703 1 -100
703 6 -100
703 18 -100
703 22 -100
703 31 -100
703 44 -100
703 45 -100
703 46 -100
703 47 -100
704 9 769
705 19 783
705 40 784
705 41 785
705 42 786
705 43 787
705 44 135
705 45 136
705 54 788
706 19 242
706 40 243
706 41 244
706 42 245
706 43 246
706 44 135
706 45 136
706 54 247
706 55 790
707 3 -126
707 4 -126
707 10 791
707 12 -126
707 15 -126
707 26 -126
707 29 -126
707 36 -126
707 38 -126
707 40 -126
708 21 792
709 60 793
710 31 794
711 40 338
712 3 81
712 4 82
712 12 83
712 15 84
712 26 85
712 29 86
712 36 87
712 38 88
712 40 89
713 19 158
713 20 345
713 40 160
713 41 161
713 42 162
713 43 163
713 44 135
713 45 136
713 54 346
714 19 242
714 40 243
714 41 244
714 42 245
714 43 246
714 44 135
714 45 136
714 54 247
715 22 -125
715 31 -125
716 1 -123
716 22 -123
716 31 -123
717 1 -59
717 22 -59
717 44 252
717 45 253
717 55 -59
718 19 602
718 40 603
718 41 604
718 42 605
718 43 606
718 54 607
719 1 -62
719 6 256
719 18 257
719 22 -62
719 44 -62
719 45 -62
719 46 258
719 47 259
719 55 -62
720 19 602
720 40 603
720 41 604
720 42 605
720 43 606
720 54 607
721 1 -58
721 22 -58
721 44 252
721 45 253
721 55 -58
722 1 -94
722 6 -94
722 18 -94
722 22 -94
722 44 -94
722 45 -94
722 46 -94
722 47 -94
722 55 -94
722 62 -94
722 64 -94
723 1 -149
723 6 -149
723 18 -149
723 22 -149
723 44 -149
723 45 -149
723 46 -149
723 47 -149
723 55 -149
723 62 -149
723 64 -149
724 55 804
725 16 -77
725 44 -77
725 45 -77
725 48 -77
725 49 -77
725 50 -77
725 51 -77
725 52 -77
725 53 -77
725 55 -77
726 6 -69
726 16 -69
726 18 -69
726 44 -69
726 45 -69
726 46 -69
726 47 -69
726 48 -69
726 49 -69
726 50 -69
726 51 -69
726 52 -69
726 53 -69
726 55 -69
727 19 158
727 40 160
727 41 161
727 42 162
727 43 163
727 44 135
727 45 136
727 54 482
728 22 -124
728 55 -124
729 19 158
729 40 160
729 41 161
729 42 162
729 43 163
729 44 135
729 45 136
729 54 482
730 1 -122
730 22 -122
730 55 -122
731 3 -50
731 4 -50
731 12 -50
731 15 -50
731 26 -50
731 29 -50
731 34 -50
731 36 -50
731 38 -50
731 40 -50
732 16 285
732 48 286
732 49 287
732 50 288
732 51 289
732 52 290
732 53 291
733 61 -141
734 22 809
734 61 -107
735 1 811
735 22 -112
735 61 -112
736 19 158
736 40 160
736 41 161
736 42 162
736 43 163
736 44 135
736 45 136
736 54 737
737 19 322
737 20 323
737 40 324
737 41 325
737 42 326
737 43 327
737 44 135
737 45 136
737 54 328
738 1 -59
738 7 -59
738 22 -59
738 44 252
738 45 253
739 19 637
739 40 638
739 41 639
739 42 640
739 43 641
739 54 642
740 1 -62
740 6 256
740 7 -62
740 18 257
740 22 -62
740 44 -62
740 45 -62
740 46 258
740 47 259
741 19 637
741 40 638
741 41 639
741 42 640
741 43 641
741 54 642
742 1 -58
742 7 -58
742 22 -58
742 44 252
742 45 253
743 1 -94
743 6 -94
743 7 -94
743 18 -94
743 22 -94
743 44 -94
743 45 -94
743 46 -94
743 47 -94
743 62 -94
743 64 -94
744 1 -149
744 6 -149
744 7 -149
744 18 -149
744 22 -149
744 44 -149
744 45 -149
744 46 -149
744 47 -149
744 62 -149
744 64 -149
745 55 819
746 61 -131
747 19 158
747 40 160
747 41 161
747 42 162
747 43 163
747 44 135
747 45 136
747 54 346
748 7 -124
748 22 -124
749 19 158
749 40 160
749 41 161
749 42 162
749 43 163
749 44 135
749 45 136
749 54 346
750 1 -122
750 7 -122
750 22 -122
751 56 -86
751 65 -86
752 2 102
752 40 103
752 62 104
753 61 -162
754 8 -77
754 32 -77
754 44 -77
754 45 -77
755 6 -69
755 8 -69
755 18 -69
755 32 -69
755 44 -69
755 45 -69
755 46 -69
755 47 -69
756 7 -59
756 44 252
756 45 253
757 19 690
757 40 691
757 41 692
757 42 693
757 43 694
757 54 695
758 6 256
758 7 -62
758 18 257
758 44 -62
758 45 -62
758 46 258
758 47 259
759 19 690
759 40 691
759 41 692
759 42 693
759 43 694
759 54 695
760 7 -58
760 44 252
760 45 253
761 6 -94
761 7 -94
761 18 -94
761 44 -94
761 45 -94
761 46 -94
761 47 -94
761 62 -94
761 64 -94
762 3 -139
762 4 -139
762 12 -139
762 15 -139
762 26 -139
762 29 -139
762 36 -139
762 38 -139
762 40 -139
763 6 -149
763 7 -149
763 18 -149
763 44 -149
763 45 -149
763 46 -149
763 47 -149
763 62 -149
763 64 -149
764 55 830
765 3 -139
765 4 -139
765 12 -139
765 15 -139
765 26 -139
765 29 -139
765 36 -139
765 38 -139
765 40 -139
766 1 -77
766 22 -77
766 31 -77
766 44 -77
766 45 -77
767 1 -69
767 6 -69
767 18 -69
767 22 -69
767 31 -69
767 44 -69
767 45 -69
767 46 -69
767 47 -69
768 61 -106
769 3 -126
769 4 -126
769 12 -126
769 15 -126
769 26 -126
769 29 -126
769 36 -126
769 38 -126
769 40 -126
770 6 -99
770 9 -99
770 18 -99
770 44 -99
770 45 -99
770 46 -99
770 47 -99
770 61 -99
770 62 -150
770 64 -97
771 6 -54
771 9 -54
771 18 -54
771 44 -54
771 45 -54
771 46 -54
771 47 -54
771 61 -54
771 62 -54
771 64 -54
772 9 -53
772 61 -53
773 9 -56
773 61 -56
774 9 -57
774 44 252
774 45 253
774 61 -57
775 6 256
775 9 -61
775 18 257
775 44 -61
775 45 -61
775 46 258
775 47 259
775 61 -61
776 6 -63
776 9 -63
776 18 -63
776 44 -63
776 45 -63
776 46 -63
776 47 -63
776 61 -63
777 19 783
777 40 784
777 41 785
777 42 786
777 43 787
777 54 788
778 6 -92
778 9 -92
778 18 -92
778 44 -92
778 45 -92
778 46 -92
778 47 -92
778 61 -92
778 62 -92
778 64 -92
779 6 -93
779 9 -93
779 18 -93
779 44 -93
779 45 -93
779 46 -93
779 47 -93
779 61 -93
779 62 -93
779 64 -93
780 56 110
780 65 838
781 6 -148
781 9 -148
781 18 -148
781 44 -148
781 45 -148
781 46 -148
781 47 -148
781 61 -148
781 62 -148
781 64 -148
782 62 839
783 6 -67
783 9 -67
783 18 -67
783 44 -67
783 45 -67
783 46 -67
783 47 -67
783 61 -67
784 6 -55
784 9 -55
784 18 -55
784 44 -55
784 45 -55
784 46 -55
784 47 -55
784 61 -55
784 62 -55
784 64 -55
785 6 -64
785 9 -64
785 18 -64
785 44 -64
785 45 -64
785 46 -64
785 47 -64
785 61 -64
786 6 -65
786 9 -65
786 18 -65
786 44 -65
786 45 -65
786 46 -65
786 47 -65
786 61 -65
787 6 -66
787 9 -66
787 18 -66
787 44 -66
787 45 -66
787 46 -66
787 47 -66
787 61 -66
788 19 277
788 40 278
788 41 279
788 42 280
788 43 281
788 44 135
788 45 136
788 54 282
789 55 841
789 56 391
790 9 -153
790 61 -153
791 9 -43
791 61 -43
792 41 402
792 42 403
792 43 404
793 19 428
793 40 429
793 41 430
793 42 431
793 43 432
793 44 135
793 45 136
793 54 433
794 3 -126
794 4 -126
794 12 -126
794 15 -126
794 26 -126
794 29 -126
794 36 -126
794 38 -126
794 40 -126
795 55 845
796 3 -126
796 4 -126
796 12 -126
796 15 -126
796 26 -126
796 29 -126
796 34 846
796 36 -126
796 38 -126
796 40 -126
797 7 847
798 55 848
799 19 602
799 40 603
799 41 604
799 42 605
799 43 606
799 54 607
800 1 -76
800 22 -76
800 44 -76
800 45 -76
800 55 -76
801 19 602
801 40 603
801 41 604
801 42 605
801 43 606
801 54 607
802 1 -68
802 6 -68
802 18 -68
802 22 -68
802 44 -68
802 45 -68
802 46 -68
802 47 -68
802 55 -68
803 1 -60
803 22 -60
803 44 252
803 45 253
803 55 -60
804 1 -100
804 6 -100
804 18 -100
804 22 -100
804 44 -100
804 45 -100
804 46 -100
804 47 -100
804 55 -100
805 22 -125
805 55 -125
806 1 -123
806 22 -123
806 55 -123
807 19 864
807 40 865
807 41 866
807 42 867
807 43 868
807 44 135
807 45 136
807 54 869
808 22 870
808 61 -109
809 19 -126
809 40 -126
809 41 -126
809 42 -126
809 43 -126
809 44 -126
809 45 -126
809 54 -126
810 1 872
810 22 -113
810 61 -113
811 19 -126
811 40 -126
811 41 -126
811 42 -126
811 43 -126
811 44 -126
811 45 -126
811 54 -126
812 22 809
812 61 -108
813 55 875
814 19 637
814 40 638
814 41 639
814 42 640
814 43 641
814 54 642
815 1 -76
815 7 -76
815 22 -76
815 44 -76
815 45 -76
816 19 637
816 40 638
816 41 639
816 42 640
816 43 641
816 54 642
817 1 -68
817 6 -68
817 7 -68
817 18 -68
817 22 -68
817 44 -68
817 45 -68
817 46 -68
817 47 -68
818 1 -60
818 7 -60
818 22 -60
818 44 252
818 45 253
819 1 -100
819 6 -100
819 7 -100
819 18 -100
819 22 -100
819 44 -100
819 45 -100
819 46 -100
819 47 -100
820 7 -125
820 22 -125
821 1 -123
821 7 -123
821 22 -123
822 61 -91
823 61 -84
824 19 690
824 40 691
824 41 692
824 42 693
824 43 694
824 54 695
825 7 -76
825 44 -76
825 45 -76
826 19 690
826 40 691
826 41 692
826 42 693
826 43 694
826 54 695
827 6 -68
827 7 -68
827 18 -68
827 44 -68
827 45 -68
827 46 -68
827 47 -68
828 7 -60
828 44 252
828 45 253
829 3 81
829 4 82
829 12 83
829 15 84
829 26 85
829 29 86
829 36 87
829 38 88
829 40 89
830 6 -100
830 7 -100
830 18 -100
830 44 -100
830 45 -100
830 46 -100
830 47 -100
831 3 81
831 4 82
831 12 83
831 15 84
831 26 85
831 29 86
831 36 87
831 38 88
831 40 89
832 3 81
832 4 82
832 12 83
832 15 84
832 26 85
832 29 86
832 36 87
832 38 88
832 40 89
833 9 -59
833 44 252
833 45 253
833 61 -59
834 19 783
834 40 784
834 41 785
834 42 786
834 43 787
834 54 788
835 6 256
835 9 -62
835 18 257
835 44 -62
835 45 -62
835 46 258
835 47 259
835 61 -62
836 19 783
836 40 784
836 41 785
836 42 786
836 43 787
836 54 788
837 9 -58
837 44 252
837 45 253
837 61 -58
838 6 -94
838 9 -94
838 18 -94
838 44 -94
838 45 -94
838 46 -94
838 47 -94
838 61 -94
838 62 -94
838 64 -94
839 6 -149
839 9 -149
839 18 -149
839 44 -149
839 45 -149
839 46 -149
839 47 -149
839 61 -149
839 62 -149
839 64 -149
840 55 888
841 9 -152
841 61 -152
842 10 889
842 41 402
842 42 403
842 43 404
843 8 890
843 32 891
844 3 577
844 4 578
844 12 579
844 15 580
844 26 581
844 29 582
844 36 583
844 38 584
844 40 89
845 9 -166
845 61 -166
846 19 -142
846 20 -142
846 40 -142
846 41 -142
846 42 -142
846 43 -142
846 44 -142
846 45 -142
846 54 -142
847 3 -126
847 4 -126
847 12 -126
847 15 -126
847 26 -126
847 29 -126
847 36 -126
847 38 -126
847 40 -126
848 9 -167
848 61 -167
849 1 -77
849 22 -77
849 44 -77
849 45 -77
849 55 -77
850 1 -69
850 6 -69
850 18 -69
850 22 -69
850 44 -69
850 45 -69
850 46 -69
850 47 -69
850 55 -69
851 1 -99
851 6 -99
851 18 -99
851 22 -99
851 44 -99
851 45 -99
851 46 -99
851 47 -99
851 61 -99
851 62 -150
851 64 -97
852 1 -54
852 6 -54
852 18 -54
852 22 -54
852 44 -54
852 45 -54
852 46 -54
852 47 -54
852 61 -54
852 62 -54
852 64 -54
853 1 -114
853 22 -114
853 61 -114
854 1 -56
854 22 -56
854 61 -56
855 1 -57
855 22 -57
855 44 252
855 45 253
855 61 -57
856 1 -61
856 6 256
856 18 257
856 22 -61
856 44 -61
856 45 -61
856 46 258
856 47 259
856 61 -61
857 1 -63
857 6 -63
857 18 -63
857 22 -63
857 44 -63
857 45 -63
857 46 -63
857 47 -63
857 61 -63
858 19 864
858 40 865
858 41 866
858 42 867
858 43 868
858 54 869
859 1 -92
859 6 -92
859 18 -92
859 22 -92
859 44 -92
859 45 -92
859 46 -92
859 47 -92
859 61 -92
859 62 -92
859 64 -92
860 1 -93
860 6 -93
860 18 -93
860 22 -93
860 44 -93
860 45 -93
860 46 -93
860 47 -93
860 61 -93
860 62 -93
860 64 -93
861 56 110
861 65 900
862 1 -148
862 6 -148
862 18 -148
862 22 -148
862 44 -148
862 45 -148
862 46 -148
862 47 -148
862 61 -148
862 62 -148
862 64 -148
863 62 901
864 1 -67
864 6 -67
864 18 -67
864 22 -67
864 44 -67
864 45 -67
864 46 -67
864 47 -67
864 61 -67
865 1 -55
865 6 -55
865 18 -55
865 22 -55
865 44 -55
865 45 -55
865 46 -55
865 47 -55
865 61 -55
865 62 -55
865 64 -55
866 1 -64
866 6 -64
866 18 -64
866 22 -64
866 44 -64
866 45 -64
866 46 -64
866 47 -64
866 61 -64
867 1 -65
867 6 -65
867 18 -65
867 22 -65
867 44 -65
867 45 -65
867 46 -65
867 47 -65
867 61 -65
868 1 -66
868 6 -66
868 18 -66
868 22 -66
868 44 -66
868 45 -66
868 46 -66
868 47 -66
868 61 -66
869 19 277
869 40 278
869 41 279
869 42 280
869 43 281
869 44 135
869 45 136
869 54 282
870 19 -126
870 40 -126
870 41 -126
870 42 -126
870 43 -126
870 44 -126
870 45 -126
870 54 -126
871 19 158
871 40 160
871 41 161
871 42 162
871 43 163
871 44 135
871 45 136
871 54 737
872 19 -126
872 40 -126
872 41 -126
872 42 -126
872 43 -126
872 44 -126
872 45 -126
872 54 -126
873 19 158
873 40 160
873 41 161
873 42 162
873 43 163
873 44 135
873 45 136
873 54 737
874 22 870
874 61 -110
875 1 -111
875 22 -111
875 61 -111
876 1 -77
876 7 -77
876 22 -77
876 44 -77
876 45 -77
877 1 -69
877 6 -69
877 7 -69
877 18 -69
877 22 -69
877 44 -69
877 45 -69
877 46 -69
877 47 -69
878 7 -77
878 44 -77
878 45 -77
879 6 -69
879 7 -69
879 18 -69
879 44 -69
879 45 -69
879 46 -69
879 47 -69
880 61 -134
881 61 -133
882 61 -128
883 19 783
883 40 784
883 41 785
883 42 786
883 43 787
883 54 788
884 9 -76
884 44 -76
884 45 -76
884 61 -76
885 19 783
885 40 784
885 41 785
885 42 786
885 43 787
885 54 788
886 6 -68
886 9 -68
886 18 -68
886 44 -68
886 45 -68
886 46 -68
886 47 -68
886 61 -68
887 9 -60
887 44 252
887 45 253
887 61 -60
888 6 -100
888 9 -100
888 18 -100
888 44 -100
888 45 -100
888 46 -100
888 47 -100
888 61 -100
889 9 -158
889 61 -158
890 19 690
890 40 691
890 41 692
890 42 693
890 43 694
890 44 135
890 45 136
890 54 695
891 19 690
891 40 691
891 41 692
891 42 693
891 43 694
891 44 135
891 45 136
891 54 695
892 9 -127
892 61 -105
893 19 158
893 20 916
893 40 160
893 41 161
893 42 162
893 43 163
893 44 135
893 45 136
893 54 917
894 3 577
894 4 578
894 12 579
894 15 580
894 26 581
894 29 582
894 36 583
894 38 584
894 40 89
895 1 -59
895 22 -59
895 44 252
895 45 253
895 61 -59
896 19 864
896 40 865
896 41 866
896 42 867
896 43 868
896 54 869
897 1 -62
897 6 256
897 18 257
897 22 -62
897 44 -62
897 45 -62
897 46 258
897 47 259
897 61 -62
898 19 864
898 40 865
898 41 866
898 42 867
898 43 868
898 54 869
899 1 -58
899 22 -58
899 44 252
899 45 253
899 61 -58
900 1 -94
900 6 -94
900 18 -94
900 22 -94
900 44 -94
900 45 -94
900 46 -94
900 47 -94
900 61 -94
900 62 -94
900 64 -94
901 1 -149
901 6 -149
901 18 -149
901 22 -149
901 44 -149
901 45 -149
901 46 -149
901 47 -149
901 61 -149
901 62 -149
901 64 -149
902 55 924
903 19 158
903 40 160
903 41 161
903 42 162
903 43 163
903 44 135
903 45 136
903 54 737
904 22 -124
904 61 -124
905 19 158
905 40 160
905 41 161
905 42 162
905 43 163
905 44 135
905 45 136
905 54 737
906 1 -122
906 22 -122
906 61 -122
907 9 -77
907 44 -77
907 45 -77
907 61 -77
908 6 -69
908 9 -69
908 18 -69
908 44 -69
908 45 -69
908 46 -69
908 47 -69
908 61 -69
909 7 927
910 7 928
911 9 930
912 16 285
912 48 286
912 49 287
912 50 288
912 51 289
912 52 290
912 53 291
913 9 -141
913 61 -141
914 9 -107
914 22 933
914 61 -107
915 1 935
915 9 -112
915 22 -112
915 61 -112
916 19 158
916 40 160
916 41 161
916 42 162
916 43 163
916 44 135
916 45 136
916 54 917
917 19 322
917 20 323
917 40 324
917 41 325
917 42 326
917 43 327
917 44 135
917 45 136
917 54 328
918 9 -131
918 61 -131
919 19 864
919 40 865
919 41 866
919 42 867
919 43 868
919 54 869
920 1 -76
920 22 -76
920 44 -76
920 45 -76
920 61 -76
921 19 864
921 40 865
921 41 866
921 42 867
921 43 868
921 54 869
922 1 -68
922 6 -68
922 18 -68
922 22 -68
922 44 -68
922 45 -68
922 46 -68
922 47 -68
922 61 -68
923 1 -60
923 22 -60
923 44 252
923 45 253
923 61 -60
924 1 -100
924 6 -100
924 18 -100
924 22 -100
924 44 -100
924 45 -100
924 46 -100
924 47 -100
924 61 -100
925 22 -125
925 61 -125
926 1 -123
926 22 -123
926 61 -123
927 3 -139
927 4 -139
927 12 -139
927 15 -139
927 26 -139
927 29 -139
927 36 -139
927 38 -139
927 40 -139
928 3 -139
928 4 -139
928 12 -139
928 15 -139
928 26 -139
928 29 -139
928 36 -139
928 38 -139
928 40 -139
929 9 -106
929 61 -106
930 3 -126
930 4 -126
930 12 -126
930 15 -126
930 26 -126
930 29 -126
930 36 -126
930 38 -126
930 40 -126
931 19 956
931 40 957
931 41 958
931 42 959
931 43 960
931 44 135
931 45 136
931 54 961
932 9 -109
932 22 962
932 61 -109
933 19 -126
933 40 -126
933 41 -126
933 42 -126
933 43 -126
933 44 -126
933 45 -126
933 54 -126
934 1 964
934 9 -113
934 22 -113
934 61 -113
935 19 -126
935 40 -126
935 41 -126
935 42 -126
935 43 -126
935 44 -126
935 45 -126
935 54 -126
936 9 -108
936 22 933
936 61 -108
937 55 967
938 1 -77
938 22 -77
938 44 -77
938 45 -77
938 61 -77
939 1 -69
939 6 -69
939 18 -69
939 22 -69
939 44 -69
939 45 -69
939 46 -69
939 47 -69
939 61 -69
940 3 577
940 4 578
940 12 579
940 15 580
940 26 581
940 29 582
940 36 583
940 38 584
940 40 89
941 3 577
941 4 578
941 12 579
941 15 580
941 26 581
941 29 582
941 36 583
941 38 584
941 40 89
942 3 577
942 4 578
942 12 579
942 15 580
942 26 581
942 29 582
942 36 583
942 38 584
942 40 89
943 1 -99
943 6 -99
943 9 -99
943 18 -99
943 22 -99
943 44 -99
943 45 -99
943 46 -99
943 47 -99
943 61 -99
943 62 -150
943 64 -97
944 1 -54
944 6 -54
944 9 -54
944 18 -54
944 22 -54
944 44 -54
944 45 -54
944 46 -54
944 47 -54
944 61 -54
944 62 -54
944 64 -54
945 1 -114
945 9 -114
945 22 -114
945 61 -114
946 1 -56
946 9 -56
946 22 -56
946 61 -56
947 1 -57
947 9 -57
947 22 -57
947 44 252
947 45 253
947 61 -57
948 1 -61
948 6 256
948 9 -61
948 18 257
948 22 -61
948 44 -61
948 45 -61
948 46 258
948 47 259
948 61 -61
949 1 -63
949 6 -63
949 9 -63
949 18 -63
949 22 -63
949 44 -63
949 45 -63
949 46 -63
949 47 -63
949 61 -63
950 19 956
950 40 957
950 41 958
950 42 959
950 43 960
950 54 961
951 1 -92
951 6 -92
951 9 -92
951 18 -92
951 22 -92
951 44 -92
951 45 -92
951 46 -92
951 47 -92
951 61 -92
951 62 -92
951 64 -92
952 1 -93
952 6 -93
952 9 -93
952 18 -93
952 22 -93
952 44 -93
952 45 -93
952 46 -93
952 47 -93
952 61 -93
952 62 -93
952 64 -93
953 56 110
953 65 976
954 1 -148
954 6 -148
954 9 -148
954 18 -148
954 22 -148
954 44 -148
954 45 -148
954 46 -148
954 47 -148
954 61 -148
954 62 -148
954 64 -148
955 62 977
956 1 -67
956 6 -67
956 9 -67
956 18 -67
956 22 -67
956 44 -67
956 45 -67
956 46 -67
956 47 -67
956 61 -67
957 1 -55
957 6 -55
957 9 -55
957 18 -55
957 22 -55
957 44 -55
957 45 -55
957 46 -55
957 47 -55
957 61 -55
957 62 -55
957 64 -55
958 1 -64
958 6 -64
958 9 -64
958 18 -64
958 22 -64
958 44 -64
958 45 -64
958 46 -64
958 47 -64
958 61 -64
959 1 -65
959 6 -65
959 9 -65
959 18 -65
959 22 -65
959 44 -65
959 45 -65
959 46 -65
959 47 -65
959 61 -65
960 1 -66
960 6 -66
960 9 -66
960 18 -66
960 22 -66
960 44 -66
960 45 -66
960 46 -66
960 47 -66
960 61 -66
961 19 277
961 40 278
961 41 279
961 42 280
961 43 281
961 44 135
961 45 136
961 54 282
962 19 -126
962 40 -126
962 41 -126
962 42 -126
962 43 -126
962 44 -126
962 45 -126
962 54 -126
963 19 158
963 40 160
963 41 161
963 42 162
963 43 163
963 44 135
963 45 136
963 54 917
964 19 -126
964 40 -126
964 41 -126
964 42 -126
964 43 -126
964 44 -126
964 45 -126
964 54 -126
965 19 158
965 40 160
965 41 161
965 42 162
965 43 163
965 44 135
965 45 136
965 54 917
966 9 -110
966 22 962
966 61 -110
967 1 -111
967 9 -111
967 22 -111
967 61 -111
968 9 -134
968 61 -134
969 9 -133
969 61 -133
970 9 -128
970 61 -128
971 1 -59
971 9 -59
971 22 -59
971 44 252
971 45 253
971 61 -59
972 19 956
972 40 957
972 41 958
972 42 959
972 43 960
972 54 961
973 1 -62
973 6 256
973 9 -62
973 18 257
973 22 -62
973 44 -62
973 45 -62
973 46 258
973 47 259
973 61 -62
974 19 956
974 40 957
974 41 958
974 42 959
974 43 960
974 54 961
975 1 -58
975 9 -58
975 22 -58
975 44 252
975 45 253
975 61 -58
976 1 -94
976 6 -94
976 9 -94
976 18 -94
976 22 -94
976 44 -94
976 45 -94
976 46 -94
976 47 -94
976 61 -94
976 62 -94
976 64 -94
977 1 -149
977 6 -149
977 9 -149
977 18 -149
977 22 -149
977 44 -149
977 45 -149
977 46 -149
977 47 -149
977 61 -149
977 62 -149
977 64 -149
978 55 988
979 19 158
979 40 160
979 41 161
979 42 162
979 43 163
979 44 135
979 45 136
979 54 917
980 9 -124
980 22 -124
980 61 -124
981 19 158
981 40 160
981 41 161
981 42 162
981 43 163
981 44 135
981 45 136
981 54 917
982 1 -122
982 9 -122
982 22 -122
982 61 -122
983 19 956
983 40 957
983 41 958
983 42 959
983 43 960
983 54 961
984 1 -76
984 9 -76
984 22 -76
984 44 -76
984 45 -76
984 61 -76
985 19 956
985 40 957
985 41 958
985 42 959
985 43 960
985 54 961
986 1 -68
986 6 -68
986 9 -68
986 18 -68
986 22 -68
986 44 -68
986 45 -68
986 46 -68
986 47 -68
986 61 -68
987 1 -60
987 9 -60
987 22 -60
987 44 252
987 45 253
987 61 -60
988 1 -100
988 6 -100
988 9 -100
988 18 -100
988 22 -100
988 44 -100
988 45 -100
988 46 -100
988 47 -100
988 61 -100
989 9 -125
989 22 -125
989 61 -125
990 1 -123
990 9 -123
990 22 -123
990 61 -123
991 1 -77
991 9 -77
991 22 -77
991 44 -77
991 45 -77
991 61 -77
992 1 -69
992 6 -69
992 9 -69
992 18 -69
992 22 -69
992 44 -69
992 45 -69
992 46 -69
992 47 -69
992 61 -69
