0 0 1
0 1 2
4 4 6
6 5 8
6 6 9
6 7 10
7 2 12
7 3 13
10 11 16
11 8 18
11 9 19
16 15 23
16 16 24
16 17 25
16 18 26
16 19 27
16 30 28
16 32 29
17 3 32
17 12 33
17 13 34
23 27 39
23 28 40
24 17 42
24 18 26
24 19 27
24 30 28
24 32 29
30 88 45
31 87 47
36 9 52
37 10 53
41 28 57
41 29 58
41 33 59
41 34 60
41 35 61
41 36 62
41 37 63
41 58 64
41 59 65
41 60 66
41 61 67
41 63 68
41 64 69
41 65 70
41 75 71
41 76 72
41 77 73
41 83 74
41 87 75
41 89 76
41 90 77
41 91 78
41 94 79
41 100 80
43 25 90
44 25 91
50 14 96
50 48 97
50 49 98
50 50 99
50 51 100
50 85 101
51 3 32
51 13 105
58 72 106
81 28 57
81 29 115
81 33 59
81 34 60
81 35 61
81 36 62
81 37 63
81 58 64
81 59 65
81 60 66
81 61 67
81 63 68
81 64 69
81 65 70
81 75 71
81 76 72
81 77 73
81 83 74
81 87 75
81 89 76
81 90 77
81 91 78
81 94 79
81 100 80
82 36 116
82 37 117
82 38 118
82 39 119
82 40 120
82 41 121
82 42 122
82 45 123
82 58 124
82 59 125
82 60 126
82 61 67
82 89 127
82 90 128
82 96 129
83 37 138
83 78 139
83 79 140
84 36 142
84 37 143
84 38 144
84 39 145
84 40 146
84 41 147
84 42 148
84 45 149
84 58 150
84 59 151
84 60 152
84 61 67
84 66 153
84 67 154
84 68 155
84 89 156
84 90 157
86 72 166
87 72 167
90 6 169
90 7 170
90 26 171
91 6 172
91 7 170
91 31 173
92 3 174
92 21 175
92 22 176
92 23 177
92 24 178
93 20 180
94 3 174
94 21 182
94 22 176
94 23 177
94 24 178
104 20 184
104 86 185
106 28 57
106 33 186
106 34 60
106 35 61
106 36 62
106 37 63
106 58 64
106 59 65
106 60 66
106 61 67
106 63 68
106 64 69
106 65 70
106 75 71
106 76 72
106 77 73
106 83 74
106 87 75
106 89 76
106 90 77
106 91 78
106 94 79
106 100 80
109 36 187
109 37 188
109 38 189
109 39 190
109 40 191
109 41 192
109 42 193
109 45 194
109 58 195
109 59 196
109 60 197
109 61 67
109 89 198
109 90 199
110 36 206
110 37 207
110 38 208
110 39 209
110 40 210
110 41 211
110 42 212
110 45 213
110 58 214
110 59 215
110 60 216
110 61 67
110 62 217
110 89 218
110 90 219
112 36 206
112 37 207
112 38 208
112 39 209
112 40 210
112 41 211
112 42 212
112 45 213
112 58 214
112 59 215
112 60 216
112 61 67
112 62 226
112 89 218
112 90 219
113 36 227
113 37 228
113 38 229
113 39 230
113 40 231
113 41 232
113 42 233
113 45 234
113 58 235
113 59 236
113 60 237
113 61 67
113 89 238
113 90 239
113 92 240
113 93 241
115 72 106
120 46 250
120 47 251
121 43 254
121 44 255
123 36 116
123 37 117
123 40 260
123 41 121
123 42 122
123 58 124
123 59 125
123 60 126
123 61 67
123 89 127
123 90 128
137 36 264
137 37 265
137 38 266
137 39 267
137 40 268
137 41 269
137 42 270
137 45 271
137 58 272
137 59 273
137 60 274
137 61 67
137 89 275
137 90 276
144 69 284
146 46 292
146 47 293
147 43 294
147 44 295
149 36 142
149 37 143
149 40 296
149 41 147
149 42 148
149 58 150
149 59 151
149 60 152
149 61 67
149 89 156
149 90 157
154 71 300
155 70 302
159 36 142
159 37 143
159 38 144
159 39 145
159 40 146
159 41 147
159 42 148
159 45 149
159 58 150
159 59 151
159 60 152
159 61 67
159 67 305
159 68 155
159 89 156
159 90 157
164 36 306
164 37 307
164 38 308
164 39 309
164 40 310
164 41 311
164 42 312
164 45 313
164 58 314
164 59 315
164 60 316
164 61 67
164 66 317
164 67 318
164 68 319
164 89 320
164 90 321
165 36 329
165 37 330
165 58 331
165 59 332
165 60 333
165 61 67
165 89 334
165 90 335
165 101 336
165 102 337
166 28 57
166 29 339
166 33 340
166 34 60
166 35 61
166 36 62
166 37 63
166 58 64
166 59 65
166 60 66
166 61 67
166 63 68
166 64 69
166 65 70
166 75 71
166 76 72
166 77 73
166 83 74
166 87 75
166 89 76
166 90 77
166 91 78
166 94 79
166 100 80
167 36 142
167 37 143
167 38 341
167 39 145
167 40 146
167 41 147
167 42 148
167 45 149
167 58 150
167 59 151
167 60 152
167 61 67
167 66 342
167 67 343
167 68 344
167 89 156
167 90 157
168 36 227
168 37 228
168 38 347
168 39 230
168 40 231
168 41 232
168 42 233
168 45 234
168 58 235
168 59 236
168 60 237
168 61 67
168 89 238
168 90 239
168 103 348
168 104 349
170 11 351
179 3 356
183 10 358
183 53 359
183 54 360
183 55 361
183 56 362
191 46 367
191 47 368
192 43 369
192 44 370
194 36 187
194 37 188
194 40 371
194 41 192
194 42 193
194 58 195
194 59 196
194 60 197
194 61 67
194 89 198
194 90 199
205 36 264
205 37 265
205 38 374
205 39 267
205 40 268
205 41 269
205 42 270
205 45 271
205 58 272
205 59 273
205 60 274
205 61 67
205 89 275
205 90 276
210 46 375
210 47 376
211 43 377
211 44 378
213 36 206
213 37 207
213 40 379
213 41 211
213 42 212
213 58 214
213 59 215
213 60 216
213 61 67
213 89 218
213 90 219
225 36 264
225 37 265
225 38 382
225 39 267
225 40 268
225 41 269
225 42 270
225 45 271
225 58 272
225 59 273
225 60 274
225 61 67
225 89 275
225 90 276
231 46 383
231 47 384
232 43 385
232 44 386
234 36 227
234 37 228
234 40 387
234 41 232
234 42 233
234 58 235
234 59 236
234 60 237
234 61 67
234 89 238
234 90 239
247 36 264
247 37 265
247 38 392
247 39 267
247 40 268
247 41 269
247 42 270
247 45 271
247 58 272
247 59 273
247 60 274
247 61 67
247 89 275
247 90 276
250 47 393
251 36 116
251 37 117
251 40 394
251 41 121
251 42 122
251 58 124
251 59 125
251 60 126
251 61 67
251 89 127
251 90 128
254 44 395
255 36 116
255 37 117
255 41 396
255 42 122
255 58 124
255 59 125
255 60 126
255 61 67
255 89 127
255 90 128
260 46 397
260 47 251
263 10 398
263 95 399
263 97 400
263 98 401
268 46 406
268 47 407
269 43 408
269 44 409
271 36 264
271 37 265
271 40 410
271 41 269
271 42 270
271 58 272
271 59 273
271 60 274
271 61 67
271 89 275
271 90 276
282 36 264
282 37 265
282 38 413
282 39 267
282 40 268
282 41 269
282 42 270
282 45 271
282 58 272
282 59 273
282 60 274
282 61 67
282 89 275
282 90 276
283 36 414
283 37 415
283 38 416
283 39 417
283 40 418
283 41 419
283 42 420
283 45 421
283 58 422
283 59 423
283 60 424
283 61 67
283 80 425
283 89 426
283 90 427
284 36 434
284 37 435
284 38 436
284 39 437
284 40 438
284 41 439
284 42 440
284 45 441
284 58 442
284 59 443
284 60 444
284 61 67
284 89 445
284 90 446
292 47 453
293 36 142
293 37 143
293 40 454
293 41 147
293 42 148
293 58 150
293 59 151
293 60 152
293 61 67
293 89 156
293 90 157
294 44 455
295 36 142
295 37 143
295 41 456
295 42 148
295 58 150
295 59 151
295 60 152
295 61 67
295 89 156
295 90 157
296 46 457
296 47 293
297 36 264
297 37 265
297 38 458
297 39 267
297 40 268
297 41 269
297 42 270
297 45 271
297 58 272
297 59 273
297 60 274
297 61 67
297 89 275
297 90 276
299 72 459
301 72 461
303 72 463
305 71 464
308 69 465
310 46 467
310 47 468
311 43 469
311 44 470
313 36 306
313 37 307
313 40 471
313 41 311
313 42 312
313 58 314
313 59 315
313 60 316
313 61 67
313 89 320
313 90 321
318 71 475
319 70 477
323 36 142
323 37 143
323 38 480
323 39 145
323 40 146
323 41 147
323 42 148
323 45 149
323 58 150
323 59 151
323 60 152
323 61 67
323 67 481
323 68 319
323 89 156
323 90 157
328 36 306
328 37 307
328 38 483
328 39 309
328 40 310
328 41 311
328 42 312
328 45 313
328 58 314
328 59 315
328 60 316
328 61 67
328 66 484
328 67 318
328 68 319
328 89 320
328 90 321
339 72 489
341 69 492
343 71 494
344 70 496
345 36 142
345 37 143
345 38 341
345 39 145
345 40 146
345 41 147
345 42 148
345 45 149
345 58 150
345 59 151
345 60 152
345 61 67
345 67 498
345 68 344
345 89 156
345 90 157
346 36 306
346 37 307
346 38 308
346 39 309
346 40 310
346 41 311
346 42 312
346 45 313
346 58 314
346 59 315
346 60 316
346 61 67
346 66 499
346 67 318
346 68 319
346 89 320
346 90 321
351 15 502
351 16 24
351 17 25
351 18 26
351 19 27
351 30 28
351 32 29
353 20 503
355 3 174
355 22 506
355 23 177
355 24 178
359 52 509
367 47 510
368 36 187
368 37 188
368 40 511
368 41 192
368 42 193
368 58 195
368 59 196
368 60 197
368 61 67
368 89 198
368 90 199
369 44 512
370 36 187
370 37 188
370 41 513
370 42 193
370 58 195
370 59 196
370 60 197
370 61 67
370 89 198
370 90 199
371 46 514
371 47 368
375 47 516
376 36 206
376 37 207
376 40 517
376 41 211
376 42 212
376 58 214
376 59 215
376 60 216
376 61 67
376 89 218
376 90 219
377 44 518
378 36 206
378 37 207
378 41 519
378 42 212
378 58 214
378 59 215
378 60 216
378 61 67
378 89 218
378 90 219
379 46 520
379 47 376
383 47 522
384 36 227
384 37 228
384 40 523
384 41 232
384 42 233
384 58 235
384 59 236
384 60 237
384 61 67
384 89 238
384 90 239
385 44 524
386 36 227
386 37 228
386 41 525
386 42 233
386 58 235
386 59 236
386 60 237
386 61 67
386 89 238
386 90 239
387 46 526
387 47 384
391 36 227
391 37 228
391 38 229
391 39 230
391 40 231
391 41 232
391 42 233
391 45 234
391 58 235
391 59 236
391 60 237
391 61 67
391 89 238
391 90 239
391 93 527
393 36 116
393 37 117
393 40 529
393 41 121
393 42 122
393 58 124
393 59 125
393 60 126
393 61 67
393 89 127
393 90 128
395 36 116
395 37 117
395 41 530
395 42 122
395 58 124
395 59 125
395 60 126
395 61 67
395 89 127
395 90 128
397 47 393
399 10 398
399 97 531
399 98 401
401 99 534
406 47 535
407 36 264
407 37 265
407 40 536
407 41 269
407 42 270
407 58 272
407 59 273
407 60 274
407 61 67
407 89 275
407 90 276
408 44 537
409 36 264
409 37 265
409 41 538
409 42 270
409 58 272
409 59 273
409 60 274
409 61 67
409 89 275
409 90 276
410 46 539
410 47 407
418 46 541
418 47 542
419 43 543
419 44 544
421 36 414
421 37 415
421 40 545
421 41 419
421 42 420
421 58 422
421 59 423
421 60 424
421 61 67
421 89 426
421 90 427
433 36 264
433 37 265
433 38 550
433 39 267
433 40 268
433 41 269
433 42 270
433 45 271
433 58 272
433 59 273
433 60 274
433 61 67
433 89 275
433 90 276
438 46 551
438 47 552
439 43 553
439 44 554
441 36 434
441 37 435
441 40 555
441 41 439
441 42 440
441 58 442
441 59 443
441 60 444
441 61 67
441 89 445
441 90 446
452 36 264
452 37 265
452 38 558
452 39 267
452 40 268
452 41 269
452 42 270
452 45 271
452 58 272
452 59 273
452 60 274
452 61 67
452 89 275
452 90 276
453 36 142
453 37 143
453 40 559
453 41 147
453 42 148
453 58 150
453 59 151
453 60 152
453 61 67
453 89 156
453 90 157
455 36 142
455 37 143
455 41 560
455 42 148
455 58 150
455 59 151
455 60 152
455 61 67
455 89 156
455 90 157
457 47 453
459 28 561
459 33 562
459 34 563
459 35 564
459 36 565
459 37 63
459 58 64
459 59 65
459 60 66
459 61 67
459 63 566
459 64 567
459 65 568
459 75 569
459 76 570
459 77 571
459 83 572
459 87 573
459 89 76
459 90 77
459 91 574
459 94 575
459 100 576
460 72 585
461 36 142
461 37 143
461 38 144
461 39 145
461 40 146
461 41 147
461 42 148
461 45 149
461 58 150
461 59 151
461 60 152
461 61 67
461 67 586
461 68 155
461 89 156
461 90 157
462 72 587
463 36 142
463 37 143
463 38 144
463 39 145
463 40 146
463 41 147
463 42 148
463 45 149
463 58 150
463 59 151
463 60 152
463 61 67
463 68 588
463 89 156
463 90 157
465 36 589
465 37 590
465 38 591
465 39 592
465 40 593
465 41 594
465 42 595
465 45 596
465 58 597
465 59 598
465 60 599
465 61 67
465 89 600
465 90 601
467 47 608
468 36 306
468 37 307
468 40 609
468 41 311
468 42 312
468 58 314
468 59 315
468 60 316
468 61 67
468 89 320
468 90 321
469 44 610
470 36 306
470 37 307
470 41 611
470 42 312
470 58 314
470 59 315
470 60 316
470 61 67
470 89 320
470 90 321
471 46 612
471 47 468
472 36 264
472 37 265
472 38 613
472 39 267
472 40 268
472 41 269
472 42 270
472 45 271
472 58 272
472 59 273
472 60 274
472 61 67
472 89 275
472 90 276
476 72 615
478 72 617
480 69 465
481 71 618
482 36 306
482 37 307
482 38 308
482 39 309
482 40 310
482 41 311
482 42 312
482 45 313
482 58 314
482 59 315
482 60 316
482 61 67
482 66 484
482 67 318
482 68 319
482 89 320
482 90 321
483 69 465
488 36 621
488 37 330
488 58 331
488 59 332
488 60 333
488 61 67
488 89 334
488 90 335
489 28 57
489 33 622
489 34 60
489 35 61
489 36 62
489 37 63
489 58 64
489 59 65
489 60 66
489 61 67
489 63 68
489 64 69
489 65 70
489 75 71
489 76 72
489 77 73
489 83 74
489 87 75
489 89 76
489 90 77
489 91 78
489 94 79
489 100 80
490 84 623
492 36 624
492 37 625
492 38 626
492 39 627
492 40 628
492 41 629
492 42 630
492 45 631
492 58 632
492 59 633
492 60 634
492 61 67
492 89 635
492 90 636
493 72 643
495 72 645
497 72 647
498 71 648
501 36 227
501 37 228
501 38 650
501 39 230
501 40 231
501 41 232
501 42 233
501 45 234
501 58 235
501 59 236
501 60 237
501 61 67
501 89 238
501 90 239
502 27 651
502 28 652
505 20 653
507 20 654
508 10 655
510 36 187
510 37 188
510 40 661
510 41 192
510 42 193
510 58 195
510 59 196
510 60 197
510 61 67
510 89 198
510 90 199
512 36 187
512 37 188
512 41 662
512 42 193
512 58 195
512 59 196
512 60 197
512 61 67
512 89 198
512 90 199
514 47 510
516 36 206
516 37 207
516 40 663
516 41 211
516 42 212
516 58 214
516 59 215
516 60 216
516 61 67
516 89 218
516 90 219
518 36 206
518 37 207
518 41 664
518 42 212
518 58 214
518 59 215
518 60 216
518 61 67
518 89 218
518 90 219
520 47 516
522 36 227
522 37 228
522 40 665
522 41 232
522 42 233
522 58 235
522 59 236
522 60 237
522 61 67
522 89 238
522 90 239
524 36 227
524 37 228
524 41 666
524 42 233
524 58 235
524 59 236
524 60 237
524 61 67
524 89 238
524 90 239
526 47 522
535 36 264
535 37 265
535 40 669
535 41 269
535 42 270
535 58 272
535 59 273
535 60 274
535 61 67
535 89 275
535 90 276
537 36 264
537 37 265
537 41 670
537 42 270
537 58 272
537 59 273
537 60 274
537 61 67
537 89 275
537 90 276
539 47 535
541 47 671
542 36 414
542 37 415
542 40 672
542 41 419
542 42 420
542 58 422
542 59 423
542 60 424
542 61 67
542 89 426
542 90 427
543 44 673
544 36 414
544 37 415
544 41 674
544 42 420
544 58 422
544 59 423
544 60 424
544 61 67
544 89 426
544 90 427
545 46 675
545 47 542
547 36 676
547 37 677
547 38 678
547 39 679
547 40 680
547 41 681
547 42 682
547 45 683
547 58 684
547 59 685
547 60 686
547 61 67
547 81 687
547 89 688
547 90 689
548 36 676
548 37 677
548 38 678
548 39 679
548 40 680
548 41 681
548 42 682
548 45 683
548 58 684
548 59 685
548 60 686
548 61 67
548 81 696
548 89 688
548 90 689
551 47 698
552 36 434
552 37 435
552 40 699
552 41 439
552 42 440
552 58 442
552 59 443
552 60 444
552 61 67
552 89 445
552 90 446
553 44 700
554 36 434
554 37 435
554 41 701
554 42 440
554 58 442
554 59 443
554 60 444
554 61 67
554 89 445
554 90 446
555 46 702
555 47 552
562 73 704
577 28 57
577 29 707
577 33 59
577 34 60
577 35 61
577 36 62
577 37 63
577 58 64
577 59 65
577 60 66
577 61 67
577 63 68
577 64 69
577 65 70
577 75 71
577 76 72
577 77 73
577 83 74
577 87 75
577 89 76
577 90 77
577 91 78
577 94 79
577 100 80
578 36 116
578 37 117
578 38 118
578 39 119
578 40 120
578 41 121
578 42 122
578 45 123
578 58 124
578 59 125
578 60 126
578 61 67
578 89 127
578 90 128
578 96 708
579 37 138
579 78 709
579 79 140
580 36 142
580 37 143
580 38 144
580 39 145
580 40 146
580 41 147
580 42 148
580 45 149
580 58 150
580 59 151
580 60 152
580 61 67
580 66 710
580 67 154
580 68 155
580 89 156
580 90 157
582 72 712
583 72 713
585 36 142
585 37 143
585 38 144
585 39 145
585 40 146
585 41 147
585 42 148
585 45 149
585 58 150
585 59 151
585 60 152
585 61 67
585 67 715
585 68 155
585 89 156
585 90 157
587 36 142
587 37 143
587 38 144
587 39 145
587 40 146
587 41 147
587 42 148
587 45 149
587 58 150
587 59 151
587 60 152
587 61 67
587 68 716
587 89 156
587 90 157
593 46 717
593 47 718
594 43 719
594 44 720
596 36 589
596 37 590
596 40 721
596 41 594
596 42 595
596 58 597
596 59 598
596 60 599
596 61 67
596 89 600
596 90 601
607 36 264
607 37 265
607 38 724
607 39 267
607 40 268
607 41 269
607 42 270
607 45 271
607 58 272
607 59 273
607 60 274
607 61 67
607 89 275
607 90 276
608 36 306
608 37 307
608 40 725
608 41 311
608 42 312
608 58 314
608 59 315
608 60 316
608 61 67
608 89 320
608 90 321
610 36 306
610 37 307
610 41 726
610 42 312
610 58 314
610 59 315
610 60 316
610 61 67
610 89 320
610 90 321
612 47 608
614 72 727
615 36 142
615 37 143
615 38 480
615 39 145
615 40 146
615 41 147
615 42 148
615 45 149
615 58 150
615 59 151
615 60 152
615 61 67
615 67 728
615 68 319
615 89 156
615 90 157
616 72 729
617 36 142
617 37 143
617 38 480
617 39 145
617 40 146
617 41 147
617 42 148
617 45 149
617 58 150
617 59 151
617 60 152
617 61 67
617 68 730
617 89 156
617 90 157
623 36 142
623 37 143
623 38 732
623 39 145
623 40 146
623 41 147
623 42 148
623 45 149
623 58 150
623 59 151
623 60 152
623 61 67
623 66 733
623 67 734
623 68 735
623 89 156
623 90 157
628 46 738
628 47 739
629 43 740
629 44 741
631 36 624
631 37 625
631 40 742
631 41 629
631 42 630
631 58 632
631 59 633
631 60 634
631 61 67
631 89 635
631 90 636
642 36 264
642 37 265
642 38 745
642 39 267
642 40 268
642 41 269
642 42 270
642 45 271
642 58 272
642 59 273
642 60 274
642 61 67
642 89 275
642 90 276
643 28 57
643 33 746
643 34 60
643 35 61
643 36 62
643 37 63
643 58 64
643 59 65
643 60 66
643 61 67
643 63 68
643 64 69
643 65 70
643 75 71
643 76 72
643 77 73
643 83 74
643 87 75
643 89 76
643 90 77
643 91 78
643 94 79
643 100 80
644 72 747
645 36 142
645 37 143
645 38 341
645 39 145
645 40 146
645 41 147
645 42 148
645 45 149
645 58 150
645 59 151
645 60 152
645 61 67
645 67 748
645 68 344
645 89 156
645 90 157
646 72 749
647 36 142
647 37 143
647 38 341
647 39 145
647 40 146
647 41 147
647 42 148
647 45 149
647 58 150
647 59 151
647 60 152
647 61 67
647 68 750
647 89 156
647 90 157
659 10 358
659 53 751
659 54 360
659 55 361
659 56 362
668 28 57
668 33 753
668 34 60
668 35 61
668 36 62
668 37 63
668 58 64
668 59 65
668 60 66
668 61 67
668 63 68
668 64 69
668 65 70
668 75 71
668 76 72
668 77 73
668 83 74
668 87 75
668 89 76
668 90 77
668 91 78
668 94 79
668 100 80
671 36 414
671 37 415
671 40 754
671 41 419
671 42 420
671 58 422
671 59 423
671 60 424
671 61 67
671 89 426
671 90 427
673 36 414
673 37 415
673 41 755
673 42 420
673 58 422
673 59 423
673 60 424
673 61 67
673 89 426
673 90 427
675 47 671
680 46 756
680 47 757
681 43 758
681 44 759
683 36 676
683 37 677
683 40 760
683 41 681
683 42 682
683 58 684
683 59 685
683 60 686
683 61 67
683 89 688
683 90 689
695 36 264
695 37 265
695 38 764
695 39 267
695 40 268
695 41 269
695 42 270
695 45 271
695 58 272
695 59 273
695 60 274
695 61 67
695 89 275
695 90 276
698 36 434
698 37 435
698 40 766
698 41 439
698 42 440
698 58 442
698 59 443
698 60 444
698 61 67
698 89 445
698 90 446
700 36 434
700 37 435
700 41 767
700 42 440
700 58 442
700 59 443
700 60 444
700 61 67
700 89 445
700 90 446
702 47 698
704 74 768
705 36 770
705 37 771
705 38 772
705 39 773
705 40 774
705 41 775
705 42 776
705 45 777
705 58 778
705 59 779
705 60 780
705 61 67
705 89 781
705 90 782
706 36 227
706 37 228
706 38 229
706 39 230
706 40 231
706 41 232
706 42 233
706 45 234
706 58 235
706 59 236
706 60 237
706 61 67
706 89 238
706 90 239
706 92 789
706 93 241
707 72 106
711 36 329
711 37 330
711 58 331
711 59 332
711 60 333
711 61 67
711 89 334
711 90 335
711 101 795
711 102 337
712 28 57
712 29 796
712 33 340
712 34 60
712 35 61
712 36 62
712 37 63
712 58 64
712 59 65
712 60 66
712 61 67
712 63 68
712 64 69
712 65 70
712 75 71
712 76 72
712 77 73
712 83 74
712 87 75
712 89 76
712 90 77
712 91 78
712 94 79
712 100 80
713 36 142
713 37 143
713 38 341
713 39 145
713 40 146
713 41 147
713 42 148
713 45 149
713 58 150
713 59 151
713 60 152
713 61 67
713 66 797
713 67 343
713 68 344
713 89 156
713 90 157
714 36 227
714 37 228
714 38 347
714 39 230
714 40 231
714 41 232
714 42 233
714 45 234
714 58 235
714 59 236
714 60 237
714 61 67
714 89 238
714 90 239
714 103 798
714 104 349
717 47 799
718 36 589
718 37 590
718 40 800
718 41 594
718 42 595
718 58 597
718 59 598
718 60 599
718 61 67
718 89 600
718 90 601
719 44 801
720 36 589
720 37 590
720 41 802
720 42 595
720 58 597
720 59 598
720 60 599
720 61 67
720 89 600
720 90 601
721 46 803
721 47 718
727 36 142
727 37 143
727 38 480
727 39 145
727 40 146
727 41 147
727 42 148
727 45 149
727 58 150
727 59 151
727 60 152
727 61 67
727 67 805
727 68 319
727 89 156
727 90 157
729 36 142
729 37 143
729 38 480
729 39 145
729 40 146
729 41 147
729 42 148
729 45 149
729 58 150
729 59 151
729 60 152
729 61 67
729 68 806
729 89 156
729 90 157
732 69 807
734 71 808
735 70 810
736 36 142
736 37 143
736 38 732
736 39 145
736 40 146
736 41 147
736 42 148
736 45 149
736 58 150
736 59 151
736 60 152
736 61 67
736 67 812
736 68 735
736 89 156
736 90 157
737 36 306
737 37 307
737 38 308
737 39 309
737 40 310
737 41 311
737 42 312
737 45 313
737 58 314
737 59 315
737 60 316
737 61 67
737 66 813
737 67 318
737 68 319
737 89 320
737 90 321
738 47 814
739 36 624
739 37 625
739 40 815
739 41 629
739 42 630
739 58 632
739 59 633
739 60 634
739 61 67
739 89 635
739 90 636
740 44 816
741 36 624
741 37 625
741 41 817
741 42 630
741 58 632
741 59 633
741 60 634
741 61 67
741 89 635
741 90 636
742 46 818
742 47 739
747 36 142
747 37 143
747 38 341
747 39 145
747 40 146
747 41 147
747 42 148
747 45 149
747 58 150
747 59 151
747 60 152
747 61 67
747 67 820
747 68 344
747 89 156
747 90 157
749 36 142
749 37 143
749 38 341
749 39 145
749 40 146
749 41 147
749 42 148
749 45 149
749 58 150
749 59 151
749 60 152
749 61 67
749 68 821
749 89 156
749 90 157
752 14 822
752 48 97
752 49 98
752 50 99
752 51 100
752 57 823
752 85 101
756 47 824
757 36 676
757 37 677
757 40 825
757 41 681
757 42 682
757 58 684
757 59 685
757 60 686
757 61 67
757 89 688
757 90 689
758 44 826
759 36 676
759 37 677
759 41 827
759 42 682
759 58 684
759 59 685
759 60 686
759 61 67
759 89 688
759 90 689
760 46 828
760 47 757
762 82 829
765 82 831
769 72 832
774 46 833
774 47 834
775 43 835
775 44 836
777 36 770
777 37 771
777 40 837
777 41 775
777 42 776
777 58 778
777 59 779
777 60 780
777 61 67
777 89 781
777 90 782
788 36 264
788 37 265
788 38 840
788 39 267
788 40 268
788 41 269
788 42 270
788 45 271
788 58 272
788 59 273
788 60 274
788 61 67
788 89 275
788 90 276
792 10 398
792 95 842
792 97 400
792 98 401
793 36 414
793 37 415
793 38 416
793 39 417
793 40 418
793 41 419
793 42 420
793 45 421
793 58 422
793 59 423
793 60 424
793 61 67
793 80 843
793 89 426
793 90 427
794 72 844
796 72 489
799 36 589
799 37 590
799 40 849
799 41 594
799 42 595
799 58 597
799 59 598
799 60 599
799 61 67
799 89 600
799 90 601
801 36 589
801 37 590
801 41 850
801 42 595
801 58 597
801 59 598
801 60 599
801 61 67
801 89 600
801 90 601
803 47 799
807 36 851
807 37 852
807 38 853
807 39 854
807 40 855
807 41 856
807 42 857
807 45 858
807 58 859
807 59 860
807 60 861
807 61 67
807 89 862
807 90 863
809 72 871
811 72 873
812 71 874
814 36 624
814 37 625
814 40 876
814 41 629
814 42 630
814 58 632
814 59 633
814 60 634
814 61 67
814 89 635
814 90 636
816 36 624
816 37 625
816 41 877
816 42 630
816 58 632
816 59 633
816 60 634
816 61 67
816 89 635
816 90 636
818 47 814
824 36 676
824 37 677
824 40 878
824 41 681
824 42 682
824 58 684
824 59 685
824 60 686
824 61 67
824 89 688
824 90 689
826 36 676
826 37 677
826 41 879
826 42 682
826 58 684
826 59 685
826 60 686
826 61 67
826 89 688
826 90 689
828 47 824
829 28 57
829 33 880
829 34 60
829 35 61
829 36 62
829 37 63
829 58 64
829 59 65
829 60 66
829 61 67
829 63 68
829 64 69
829 65 70
829 75 71
829 76 72
829 77 73
829 83 74
829 87 75
829 89 76
829 90 77
829 91 78
829 94 79
829 100 80
831 28 57
831 33 881
831 34 60
831 35 61
831 36 62
831 37 63
831 58 64
831 59 65
831 60 66
831 61 67
831 63 68
831 64 69
831 65 70
831 75 71
831 76 72
831 77 73
831 83 74
831 87 75
831 89 76
831 90 77
831 91 78
831 94 79
831 100 80
832 28 57
832 33 882
832 34 60
832 35 61
832 36 62
832 37 63
832 58 64
832 59 65
832 60 66
832 61 67
832 63 68
832 64 69
832 65 70
832 75 71
832 76 72
832 77 73
832 83 74
832 87 75
832 89 76
832 90 77
832 91 78
832 94 79
832 100 80
833 47 883
834 36 770
834 37 771
834 40 884
834 41 775
834 42 776
834 58 778
834 59 779
834 60 780
834 61 67
834 89 781
834 90 782
835 44 885
836 36 770
836 37 771
836 41 886
836 42 776
836 58 778
836 59 779
836 60 780
836 61 67
836 89 781
836 90 782
837 46 887
837 47 834
842 10 398
842 97 531
842 98 401
844 28 561
844 33 892
844 34 563
844 35 564
844 36 565
844 37 63
844 58 64
844 59 65
844 60 66
844 61 67
844 63 566
844 64 567
844 65 568
844 75 569
844 76 570
844 77 571
844 83 572
844 87 573
844 89 76
844 90 77
844 91 574
844 94 575
844 100 576
846 84 893
847 72 894
855 46 895
855 47 896
856 43 897
856 44 898
858 36 851
858 37 852
858 40 899
858 41 856
858 42 857
858 58 859
858 59 860
858 60 861
858 61 67
858 89 862
858 90 863
869 36 264
869 37 265
869 38 902
869 39 267
869 40 268
869 41 269
869 42 270
869 45 271
869 58 272
869 59 273
869 60 274
869 61 67
869 89 275
869 90 276
870 72 903
871 36 142
871 37 143
871 38 732
871 39 145
871 40 146
871 41 147
871 42 148
871 45 149
871 58 150
871 59 151
871 60 152
871 61 67
871 67 904
871 68 735
871 89 156
871 90 157
872 72 905
873 36 142
873 37 143
873 38 732
873 39 145
873 40 146
873 41 147
873 42 148
873 45 149
873 58 150
873 59 151
873 60 152
873 61 67
873 68 906
873 89 156
873 90 157
883 36 770
883 37 771
883 40 907
883 41 775
883 42 776
883 58 778
883 59 779
883 60 780
883 61 67
883 89 781
883 90 782
885 36 770
885 37 771
885 41 908
885 42 776
885 58 778
885 59 779
885 60 780
885 61 67
885 89 781
885 90 782
887 47 883
890 36 676
890 37 677
890 38 678
890 39 679
890 40 680
890 41 681
890 42 682
890 45 683
890 58 684
890 59 685
890 60 686
890 61 67
890 81 909
890 89 688
890 90 689
891 36 676
891 37 677
891 38 678
891 39 679
891 40 680
891 41 681
891 42 682
891 45 683
891 58 684
891 59 685
891 60 686
891 61 67
891 81 910
891 89 688
891 90 689
892 73 911
893 36 142
893 37 143
893 38 912
893 39 145
893 40 146
893 41 147
893 42 148
893 45 149
893 58 150
893 59 151
893 60 152
893 61 67
893 66 913
893 67 914
893 68 915
893 89 156
893 90 157
894 28 561
894 33 918
894 34 563
894 35 564
894 36 565
894 37 63
894 58 64
894 59 65
894 60 66
894 61 67
894 63 566
894 64 567
894 65 568
894 75 569
894 76 570
894 77 571
894 83 572
894 87 573
894 89 76
894 90 77
894 91 574
894 94 575
894 100 576
895 47 919
896 36 851
896 37 852
896 40 920
896 41 856
896 42 857
896 58 859
896 59 860
896 60 861
896 61 67
896 89 862
896 90 863
897 44 921
898 36 851
898 37 852
898 41 922
898 42 857
898 58 859
898 59 860
898 60 861
898 61 67
898 89 862
898 90 863
899 46 923
899 47 896
903 36 142
903 37 143
903 38 732
903 39 145
903 40 146
903 41 147
903 42 148
903 45 149
903 58 150
903 59 151
903 60 152
903 61 67
903 67 925
903 68 735
903 89 156
903 90 157
905 36 142
905 37 143
905 38 732
905 39 145
905 40 146
905 41 147
905 42 148
905 45 149
905 58 150
905 59 151
905 60 152
905 61 67
905 68 926
905 89 156
905 90 157
911 74 929
912 69 931
914 71 932
915 70 934
916 36 142
916 37 143
916 38 912
916 39 145
916 40 146
916 41 147
916 42 148
916 45 149
916 58 150
916 59 151
916 60 152
916 61 67
916 67 936
916 68 915
916 89 156
916 90 157
917 36 306
917 37 307
917 38 308
917 39 309
917 40 310
917 41 311
917 42 312
917 45 313
917 58 314
917 59 315
917 60 316
917 61 67
917 66 937
917 67 318
917 68 319
917 89 320
917 90 321
919 36 851
919 37 852
919 40 938
919 41 856
919 42 857
919 58 859
919 59 860
919 60 861
919 61 67
919 89 862
919 90 863
921 36 851
921 37 852
921 41 939
921 42 857
921 58 859
921 59 860
921 60 861
921 61 67
921 89 862
921 90 863
923 47 919
927 82 940
928 82 941
930 72 942
931 36 943
931 37 944
931 38 945
931 39 946
931 40 947
931 41 948
931 42 949
931 45 950
931 58 951
931 59 952
931 60 953
931 61 67
931 89 954
931 90 955
933 72 963
935 72 965
936 71 966
940 28 561
940 33 968
940 34 563
940 35 564
940 36 565
940 37 63
940 58 64
940 59 65
940 60 66
940 61 67
940 63 566
940 64 567
940 65 568
940 75 569
940 76 570
940 77 571
940 83 572
940 87 573
940 89 76
940 90 77
940 91 574
940 94 575
940 100 576
941 28 561
941 33 969
941 34 563
941 35 564
941 36 565
941 37 63
941 58 64
941 59 65
941 60 66
941 61 67
941 63 566
941 64 567
941 65 568
941 75 569
941 76 570
941 77 571
941 83 572
941 87 573
941 89 76
941 90 77
941 91 574
941 94 575
941 100 576
942 28 561
942 33 970
942 34 563
942 35 564
942 36 565
942 37 63
942 58 64
942 59 65
942 60 66
942 61 67
942 63 566
942 64 567
942 65 568
942 75 569
942 76 570
942 77 571
942 83 572
942 87 573
942 89 76
942 90 77
942 91 574
942 94 575
942 100 576
947 46 971
947 47 972
948 43 973
948 44 974
950 36 943
950 37 944
950 40 975
950 41 948
950 42 949
950 58 951
950 59 952
950 60 953
950 61 67
950 89 954
950 90 955
961 36 264
961 37 265
961 38 978
961 39 267
961 40 268
961 41 269
961 42 270
961 45 271
961 58 272
961 59 273
961 60 274
961 61 67
961 89 275
961 90 276
962 72 979
963 36 142
963 37 143
963 38 912
963 39 145
963 40 146
963 41 147
963 42 148
963 45 149
963 58 150
963 59 151
963 60 152
963 61 67
963 67 980
963 68 915
963 89 156
963 90 157
964 72 981
965 36 142
965 37 143
965 38 912
965 39 145
965 40 146
965 41 147
965 42 148
965 45 149
965 58 150
965 59 151
965 60 152
965 61 67
965 68 982
965 89 156
965 90 157
971 47 983
972 36 943
972 37 944
972 40 984
972 41 948
972 42 949
972 58 951
972 59 952
972 60 953
972 61 67
972 89 954
972 90 955
973 44 985
974 36 943
974 37 944
974 41 986
974 42 949
974 58 951
974 59 952
974 60 953
974 61 67
974 89 954
974 90 955
975 46 987
975 47 972
979 36 142
979 37 143
979 38 912
979 39 145
979 40 146
979 41 147
979 42 148
979 45 149
979 58 150
979 59 151
979 60 152
979 61 67
979 67 989
979 68 915
979 89 156
979 90 157
981 36 142
981 37 143
981 38 912
981 39 145
981 40 146
981 41 147
981 42 148
981 45 149
981 58 150
981 59 151
981 60 152
981 61 67
981 68 990
981 89 156
981 90 157
983 36 943
983 37 944
983 40 991
983 41 948
983 42 949
983 58 951
983 59 952
983 60 953
983 61 67
983 89 954
983 90 955
985 36 943
985 37 944
985 41 992
985 42 949
985 58 951
985 59 952
985 60 953
985 61 67
985 89 954
985 90 955
987 47 983
